-0.033448637,0.044520818,-0.001374014,0
-0.013228796,0.02690978,0.001816342,0
-0.017485535,0.022768686,-0.001376012,0
-0.00790794,0.004120309,0.00500643,0
-0.061118234,0.058998127,0.002877795,0
-0.020678421,0.023792969,-0.003507312,0
-0.03557727,0.01964961,0.010326887,0
-0.01110056,0.003079773,0.002876729,0
-0.002586951,-0.04869149,0.011390605,0
0.021889493,-0.048703212,0.01032329,0
0.018697007,-0.07458431,0.001811012,0
0.017632755,-0.02384666,0.007132268,0
-0.010036576,-0.022817848,0.006066285,0
-0.028128179,-0.007288015,0.007130003,0
-0.001522966,0.007206478,0.008193854,0
6.05E-04,-0.018670227,0.003939381,0
-0.047283903,-0.17503402,0.00925744,0
-0.05047652,-0.12636851,0.007128937,0
-0.03557767,-0.051817227,0.020963402,0
0.00699051,-0.002115446,0.012449794,0
-0.006843956,0.07347996,0.011387807,0
-0.019614438,-0.030065496,0.01670853,0
-0.03451355,-0.0373222,0.013513645,0
-0.037706174,-0.018683417,0.016706532,0
0.001669521,-0.004184793,0.007129204,0
-0.001522833,0.08176508,0.012452325,0
0.004862008,-0.06113742,0.010321025,0
-0.052605025,-0.029038548,0.013513645,0
-0.040898528,-0.04766694,0.011387807,0
0.017632622,-0.00314519,0.008194521,0
0.028274734,0.04448711,0.003938182,0
0.020825243,0.008245415,0.006066285,0
-0.036641788,-0.005218002,0.01032249,0
-0.03344917,-0.08598265,0.012450859,0
-0.017486067,-0.074594304,0.012450459,0
0.029338986,0.069335535,0.012451259,0
0.010183264,0.047594197,0.011387807,0
-0.037705906,-0.11911113,0.016709195,0
-0.074953236,-0.17813657,0.015643613,0
0.011247382,0.008241551,0.014578962,0
0.039980963,0.034126915,0.008193455,0
0.031467356,-0.012465648,0.01351511,0
-0.020678688,-0.05077216,0.016709063,0
-0.014293314,-0.0518075,0.016709063,0
0.002733639,-0.015578196,0.015642013,0
0.004862008,-0.07045641,0.013513645,0
0.009118879,-0.0425017,0.019898353,0
0.006990643,-0.07044709,0.019901283,0
-0.010036709,-0.04353371,0.028412895,0
-0.008972592,-0.07356776,0.024154425,0
-0.008972592,-0.09945006,0.03054073,0
0.002733772,-0.103582494,0.02415789,0
0.01018313,0.004100858,0.023092972,0
0.011247382,-0.05802567,0.01777185,0
0.002733639,-0.08288249,0.02734811,0
-0.00471572,-0.09220388,0.019898087,0
0.02933872,0.04757954,0.026282927,0
0.022953745,-0.062163565,0.024158156,0
-0.007908341,-0.09220148,0.028412363,0
-0.010036709,-0.037323,0.028412363,0
0.005926392,-0.08080502,0.024157222,0
0.042109333,-0.035251655,0.019898752,0
0.02188936,0.067258865,0.017770782,0
0.008054628,-0.042497437,0.022027787,0
0.00379789,-0.114977896,0.027349044,0
0.028274734,-0.023853987,0.017772382,0
0.043173585,0.10868046,0.012450726,0
0.05062321,0.035170782,0.01990195,0
-0.004715453,-0.027992284,0.019901684,0
-0.03557767,-0.034212317,0.0326703,0
-0.036641788,-0.06734546,0.024156956,0
0.00379789,-0.015572734,0.0326707,0
0.018696606,0.052754108,0.017768517,0
0.021889493,0.08175815,0.024156822,0
-0.02174294,0.04344751,0.01777185,0
-0.04834815,-0.019714627,0.0326707,0
-0.045155533,-0.1046261,0.019898886,0
-0.006844089,0.086929925,0.025219608,0
-0.007908206,0.086938046,0.01564388,0
-0.002587084,-0.012461784,0.019901417,0
-0.03770604,-0.010397499,0.012450193,0
0.011247382,0.089009665,0.022029387,0
0.025082113,0.063122034,0.009258373,0
0.004862008,0.066218324,0.02096207,0
-0.039834674,0.04965089,0.018833568,0
-0.01855032,0.011350635,0.01990075,0
-0.02174294,-0.060094617,0.01990075,0
6.05E-04,0.11490169,0.0209666,0
0.030403104,0.1262827,0.022028454,0
0.021889493,0.024813652,0.027350776,0
-0.049412403,-0.12947519,0.03479827,0
-0.056861896,-0.06527771,0.020963537,0
0.006990643,0.12317974,0.018836766,0
0.08467752,0.14180547,0.009255707,0
0.058072433,0.06725993,0.023092171,0
-4.59E-04,-0.05906221,0.016707331,0
-0.04409128,0.03930495,0.026285192,0
0.028274601,0.010312098,0.02202832,0
0.03465971,0.028939158,0.020961272,0
-0.023871174,-0.010387108,0.022030853,0
-0.040898792,-0.036287528,0.02415549,0
-0.021743072,-0.09427403,0.028411962,0
0.063393556,-0.09115988,0.01777185,0
0.066586174,0.110749006,0.015642814,0
0.04636607,0.14801764,0.008191456,0
0.005926126,0.022723788,0.018832237,0
-0.047283903,-0.12946945,0.029478611,0
-0.05047652,-0.14293021,0.022029253,0
0.003797757,-0.053893104,0.032668434,0
0.11660385,0.045516457,0.022028053,0
0.06232904,0.11177409,0.018832635,0
0.058072302,0.16044267,0.020961804,0
-0.05792615,-0.17400587,0.020961804,0
-0.06431125,-0.19677922,0.03160565,0
-0.027064195,-0.088063985,0.025218675,0
0.05700805,0.05896828,0.0167048,0
0.072971284,0.014446397,0.018833835,0
0.001669521,-0.05181563,0.030541664,0
0.017632488,-0.08702825,0.017769318,0
-0.015357698,0.12110227,0.026284525,0
0.022953479,0.029973833,0.014575898,0
-0.016422084,-0.09841805,0.031603917,0
-0.012165078,-0.09530444,0.028413294,0
-0.02706406,-0.038354877,0.032670032,0
0.006990377,0.04550673,0.030539265,0
-0.013229462,-0.04147089,0.035860255,0
-0.011101093,-0.09738418,0.030539399,0
-0.031320933,-0.001087833,0.027346779,0
-0.049412403,0.037225876,0.023090573,0
-0.040898792,0.031011304,0.029475281,0
-0.02599981,-0.026967736,0.043311477,0
-0.015357965,-0.14605822,0.034794137,0
-0.07921024,0.036193065,0.033733353,0
-0.11113644,0.08485631,0.029475814,0
-0.10794382,-0.07667058,0.034797337,0
-0.06218302,-0.13569681,0.027346378,0
-0.077082,0.19357035,0.024152692,0
0.029338852,0.22050583,0.02734891,0
-0.024935693,0.097284384,0.009256507,0
-0.10155858,0.034122255,0.02309124,0
-0.18350245,-0.02800121,0.02628466,0
-0.14838377,-0.023863314,0.031604715,0
-0.07814612,-0.058034997,0.028411562,0
-0.025999945,0.037227076,0.02947608,0
-0.030256681,0.19564888,0.01776945,0
-0.0611189,0.2929727,0.01883157,0
-0.055797644,0.19254886,0.00925744,0
-0.100494325,0.041373096,0.024156157,0
-0.12603542,-0.06217902,0.027346779,0
-0.14944789,-0.0901264,0.0326703,0
-0.083467245,-0.006267331,0.020960871,0
-0.029192563,0.04240191,0.014576564,0
0.026146099,0.28469878,0.007127738,0
-0.021743072,0.20911403,0.002871666,0
-0.044091415,0.13352501,0.013513379,0
-0.07921024,-0.06217396,0.017770117,0
-0.068568125,-0.14190446,0.01457723,0
-0.013229596,-0.018695408,0.011382345,0
-0.006844089,0.049654752,0.004999902,0
0.022953479,0.014442267,0.009254775,0
-0.018550452,-0.08909986,0.00819119,0
0.02188936,-0.032147635,0.015641348,0
0.05700805,-0.026978528,0.008189858,0
0.086806014,9.87E-04,0.00819199,0
0.013375484,-0.04976147,0.007124807,0
0.008054628,-0.083922625,0.01457643,0
0.038916714,-0.15536135,0.012449794,0
0.10383337,-0.08805932,0.010320892,0
0.12511733,-0.017660733,7.40E-04,0
0.11873195,-0.07150574,0.004996438,0
0.076163635,-0.050798807,0.003931654,0
0.052751046,-0.14813063,0.014573766,0
0.06765016,-0.20610553,0.004998437,0
0.1017046,-0.087039836,0.019894622,0
0.16662152,-0.056999523,0.001806349,0
0.15917203,-0.020759692,0.009255574,0
0.06552166,-0.117062695,0.013510714,0
0.019760858,-0.27444065,0.014577497,0
0.04955869,-0.20507006,0.01564055,0
0.15597941,-0.06839253,-0.001386937,0
0.20174034,0.12316735,-0.001386271,0
0.12192457,-0.047689456,-0.010966264,0
0.05700805,-0.18125564,0.006062555,0
0.04636594,-0.16365619,-0.009901347,0
0.08893425,-0.003165708,7.40E-04,0
0.14001605,0.039281633,-0.005646873,0
0.06339329,-0.12534742,-0.002452521,0
0.12086046,-0.0797878,-0.004581023,0
0.031466953,-0.008343207,-0.026929632,0
0.11979647,0.21532474,-0.017348573,0
0.06765003,-0.050793745,-0.051405676,0
0.033595458,-0.13052265,-0.006708859,0
-0.013229596,-0.052866556,-0.005645274,0
0.099576235,0.18632136,-0.009902013,0
0.11553947,0.16561683,-0.021607177,0
0.06445741,0.09519798,-0.02054519,0
-0.054733794,0.033070527,-0.003518104,0
-0.047284033,0.021693777,-0.007771512,0
-0.022807457,0.062064577,-0.002453453,0
-0.007908607,-0.015599114,-0.01735377,0
0.010182864,0.09106316,-0.005644475,0
-0.026000211,0.15524997,-0.030123984,0
0.013375484,0.20185585,-0.015222335,0
-0.004715853,0.09624039,-0.036506426,0
-0.065375775,0.05792508,-0.00777391,0
-0.07495363,0.11591038,-0.014159017,0
-0.016422216,0.0817431,-0.012029982,0
0.02720995,0.090013824,-0.008840692,0
0.002733505,0.07346104,-0.005644342,0
-0.049412537,0.069320746,-0.001387071,0
-0.054733526,0.11591971,0.004998969,0
-0.037706308,-0.05908086,-0.004581423,0
-0.04834842,0.008224498,-0.004581023,0
0.002733372,0.19874598,-3.24E-04,0
0.09638374,0.2380949,-0.004580624,0
0.005925993,0.106590986,-0.01096653,0
-0.033449434,-0.057004586,0.00712614,0
-0.06644002,-0.124317005,-0.014160083,0
-0.01429358,0.057935607,-0.002450123,0
0.03253134,0.067254595,-0.021605844,0
0.05913642,0.038254287,-0.014158485,0
0.059136286,0.14179268,-0.00883896,0
0.07190677,0.07345291,-0.006710724,0
0.0123111,-0.0663405,-0.004584487,0
-0.031321067,-0.10153446,7.39E-04,0
-0.017486468,-0.022840232,-0.015223535,0
0.070842646,0.095198385,-0.005646207,0
0.04636594,0.058960952,-0.008838028,0
0.05807217,-0.12431114,-3.24E-04,0
-0.002587617,-0.108787976,-3.26E-04,0
0.042108934,-0.015599114,-0.002454919,0
0.07190677,0.05584574,-0.016289784,0
0.07935626,-0.003169172,-0.015224201,0
0.022953212,0.11486918,-0.010967863,0
0.014439469,-0.09636456,0.001801686,0
0.020824842,-0.16470392,0.009251044,0
0.025081847,-0.097388044,-3.23E-04,0
0.046365805,0.11590852,7.39E-04,0
0.041044816,-0.013524703,-0.013095965,0
0.004861875,-0.021799829,0.006061755,0
0.002733239,-0.094292544,-0.002454786,0
0.006990244,0.009263835,0.011382878,0
0.043173317,-0.07564443,7.40E-04,0
0.041044816,0.04342459,0.006059623,0
0.0123111,-0.038377393,-0.003518637,0
-0.017486468,0.024788473,0.002867403,0
-0.012165344,-0.031121086,0.00712534,0
0.019760458,-0.017678186,0.008184928,0
0.004861741,-0.08082593,0.014573899,0
-0.007908607,-0.054941367,0.00605989,0
-0.012165478,0.025823146,0.00286727,0
0.010182731,0.05585107,-0.003517838,0
0.00379749,0.066202074,7.38E-04,0
-0.024935959,-0.043555025,0.003930588,0
-0.01642235,-0.07565643,0.009250911,0
-0.006844488,-0.011456155,7.38E-04,0
0.026145699,0.082761385,7.36E-04,0
-0.013229863,0.0485917,-0.008841759,0
-0.004715986,0.051711977,0.004996438,0
-0.023871709,-0.006279322,-3.26E-04,0
-0.03025695,0.044461932,0.011381146,0
-0.021743473,-0.062196873,0.004993774,0
-4.59E-04,0.0713789,0.009251445,0
-0.03238545,0.051702384,0.001801286,0
-0.03238545,0.01132239,0.006058691,0
-0.07814625,-0.07668457,0.004995905,0
-0.003651868,-0.013526701,0.010315962,0
0.017632222,0.024784608,7.38E-04,0
0.027210083,0.08070376,0.006060423,0
-0.03877069,0.02582168,-0.001389868,0
-0.040899195,-0.037350047,0.006056959,0
-0.039834943,0.01649949,-3.26E-04,0
0.002733239,0.007178233,0.006058025,0
0.019760592,-0.021815283,-3.27E-04,0
-0.010037242,-0.015606841,-3.28E-04,0
-0.010036976,0.015471478,-0.003517172,0
0.005925859,-0.005243849,-0.005647273,0
0.019760458,0.053767465,-0.001392799,0
0.014439602,9.68E-04,0.001801819,0
-0.021743339,-0.021813285,0.006058291,0
6.05E-04,0.10036589,7.36E-04,0
0.02401733,-0.036313772,-0.002456385,0
-0.018550852,0.007174769,0.001800354,0
0.03359519,-0.058053914,0.00180142,0
0.036787946,0.003043801,0.004995772,0
0.043173052,0.011317328,0.004993107,0
-0.022807723,-0.041491006,7.36E-04,0
0.011246982,-0.028022528,0.003930721,0
0.005925859,0.012356265,-0.003519437,0
0.054879416,0.015459887,0.004993374,0
0.010182731,-0.076687634,0.007123608,0
0.016567972,-0.041488342,0.00818626,0
0.005925726,-0.017681252,0.004991509,0
0.041044682,-0.00110875,7.36E-04,0
0.013375218,0.04238139,0.004993374,0
0.03146669,0.004065285,0.004992175,0
-0.014293981,0.012353067,0.018827973,0
-0.01110136,-0.12432233,0.019893024,0
-0.00790874,-0.038380455,0.017764522,0
0.02508158,0.024780745,0.004993907,0
0.019760592,0.069304496,0.007122143,0
0.006989977,-0.05702777,-0.007778706,0
6.05E-04,0.04652515,0.015635885,0
0.001669121,-0.029053338,7.39E-04,0
0.026145699,0.007175569,0.009249979,0
0.028274069,-0.006287449,-3.28E-04,0
0.02508158,0.11693613,0.00180142,0
-0.014293847,0.068278745,0.002867803,0
-0.031321198,-0.11086118,0.007122542,0
-0.023871709,-0.09946632,0.008188126,0
0.019760724,0.029967703,0.004996438,0
0.05062254,0.10140336,-0.001391334,0
0.01869634,0.108653806,7.38E-04,0
-0.023871975,0.022699805,0.002862873,0
-0.07814652,-0.06634836,0.008183862,0
-0.039835077,0.007171305,0.018826773,0
-0.017486734,0.03408708,0.017761057,0
-0.01322973,0.06827328,0.020957941,0
-0.039834943,-0.032171216,0.011378348,0
-0.061119035,0.007177833,0.018828506,0
-0.06856853,0.004072613,0.00818666,0
-0.048348684,0.001996737,0.01669907,0
-0.010036976,-0.013524703,-0.001389735,0
-0.011101494,0.056873754,0.008184928,0
6.05E-04,0.02684583,-0.006713789,0
-0.027064595,0.044447675,0.003927923,0
-0.01961497,0.08483393,7.36E-04,0
-0.019615103,-0.040455535,0.008185594,0
-0.00258775,-0.04874105,0.012441933,0
-0.048348684,-0.030102666,0.001799954,0
0.016567837,0.0589455,0.006056826,0
-0.01110136,0.06619315,-0.004585287,0
0.011246849,0.07966016,0.010315162,0
-0.028128713,-0.0663429,0.006056826,0
-0.026000343,-0.046672903,0.013505384,0
-0.024936093,0.062052984,0.012442333,0
0.022953078,0.12313951,0.006055893,0
-0.037706573,0.069302626,0.011378481,0
-0.046220448,0.020625794,0.026274534,0
-0.09836649,-0.17092475,0.030533137,0
-0.048348684,-0.10776143,0.026276665,0
-0.060055047,0.09724922,0.023082046,0
0.003797357,0.03202346,0.006056693,0
-0.05473406,-0.06841997,-0.00245825,0
-0.020679355,0.06722822,-0.003521169,0
-0.03238545,0.12832446,-0.005648339,0
0.019760592,0.06930409,0.010314629,0
-0.022807857,-0.12226311,0.001798489,0
-0.032385584,-7.83E-05,0.008184262,0
-0.040899325,0.101395905,-0.004585819,0
-0.018550985,0.09932083,-0.001394398,0
-4.59E-04,-0.013531764,0.00712201,0
0.006989844,-8.14E-05,0.006055093,0
-0.032385718,0.08792982,0.006054694,0
-0.018550852,-0.004215037,0.014570835,0
-0.012165745,0.011311066,-3.29E-04,0
-0.040899325,0.015454025,-0.001393199,0
0.05381503,0.10760714,0.002863006,0
0.008054095,-0.034247223,-0.001393199,0
0.06020027,0.016489897,0.008184529,0
0.021888828,0.05583948,-0.002456651,0
0.034659307,0.078613095,0.007119478,0
-0.040899325,-0.08809343,0.007119478,0
-0.06644029,-0.2144165,0.011376616,0
-0.010037509,-0.01251481,0.00392446,0
0.06658551,0.09828456,-0.009908275,0
0.11553907,0.09207585,-0.003521968,0
0.050622277,-0.04460702,-0.008844157,0
-0.024936225,-0.061176058,0.002861541,0
-0.04302783,-0.16472365,0.00818173,0
0.025081314,-0.061179254,0.015631223,0
0.118731685,0.03926498,0.003926591,0
0.06764963,0.028904384,0.00818173,0
0.016567705,0.052725065,0.009247314,0
-0.07814665,-0.18232442,0.023081115,0
-0.010037509,-0.27448314,0.012437936,0
0.030402437,0.020628594,0.004991109,0
0.15385051,0.14695126,0.00286234,0
0.07297075,-0.106732614,0.003926591,0
-0.023871975,-0.098448694,0.007119211,0
-0.067504406,-0.07980565,0.003927923,0
0.07829187,-0.021821812,-3.29E-04,0
0.08042011,-0.022866212,-0.017358698,0
0.12405267,0.14384231,-0.001395064,0
0.07190623,-0.06532874,-0.012040108,0
0.029338187,-0.035287227,7.34E-04,0
0.005925459,0.016477507,-0.008845888,0
0.029338052,9.44E-04,0.006052429,0
0.003797224,-0.10362553,0.008183596,0
0.009118213,0.016484436,0.014568437,0
0.022952946,-0.060139917,0.001797556,0
0.010182465,0.09310346,0.01137475,0
0.014439336,0.06825596,7.34E-04,0
-0.03664259,-8.87E-05,0.007117346,0
-0.021743739,-0.10881049,0.004988977,0
-0.027064595,-0.04253194,0.002863139,0
0.006989577,-0.025981424,-0.002462113,0
0.037851796,0.06411487,-0.002458783,0
0.039980166,0.121061236,-0.012037443,0
0.005925459,0.16454032,-0.001397862,0
-0.08027489,0.03926844,0.004991642,0
-0.08666026,-0.19785413,0.011375417,0
-0.054733925,-0.11190558,0.012441266,0
0.011246449,0.071351856,0.002859276,0
0.08680535,0.19354169,-0.012037709,0
0.022952946,0.18215682,-0.007779506,0
-0.04409208,0.15729573,-0.01097479,0
-0.11220149,-0.08293632,0.009242651,0
-0.11113711,-0.21235421,0.015631223,0
-0.013229996,-0.044610217,0.010310632,0
0.08042011,0.3809577,0.009246515,0
0.108089305,0.4037273,-0.012040108,0
-0.06005518,0.26188266,0.012439402,0
-0.21223684,-0.16472298,0.025209216,0
-0.27289677,-0.3718147,0.029465422,0
-0.110072985,-0.20407376,0.030529274,0
0.043172784,0.22045827,0.004988178,0
0.10276845,0.29190817,-0.009909473,0
0.01550332,0.24634124,-0.003526098,0
-0.11539411,-0.039442576,-3.34E-04,0
-0.14732032,-0.1854399,0.014565106,0
-0.0749543,-0.018735643,0.00924345,0
6.04E-04,0.08377208,0.012435804,0
0.06232864,0.061008185,-0.001394665,0
-0.045156464,0.03820979,0.012435005,0
-0.023872241,-0.12538072,0.001795557,0
-0.11326561,0.09206265,0.008180798,0
-0.02600061,0.043393284,0.018821977,0
-0.002588017,-0.07464427,0.017758526,0
-0.05154144,-0.10362979,0.031594988,0
-0.023872107,0.033049207,0.022017263,0
-0.033450235,-0.051873717,-0.003527963,0
-0.004716519,0.048567053,0.012435804,0
-0.00578077,-0.065333,-0.002463312,0
0.042108532,0.12622848,0.008179733,0
-0.019615369,-0.064289406,0.003923927,0
-0.030257614,-0.111927964,0.023077516,0
0.015503187,-0.044627137,0.002856744,0
0.03253054,9.35E-04,-0.001399328,0
0.033594657,-0.006314495,-0.008849086,0
-0.057926945,-0.126427,-0.019491332,0
-0.045156464,-0.054980405,0.009242385,0
0.082548216,-0.15438317,-0.022683686,0
0.12298816,0.087911166,0.003921395,0
0.13043752,0.09826217,-0.0354551,0
0.05594313,0.2183792,-0.022683151,0
0.044236902,0.051675603,-0.026939224,0
-0.026000744,-0.12746127,0.012435005,0
-0.08559641,-0.27967635,0.019883297,0
-0.020679753,-0.18233788,0.013499789,0
0.087869205,0.07962259,0.017754795,0
0.1591711,0.29810503,0.004985247,0
0.09638308,0.08584609,0.018821845,0
-0.09730264,-0.007347703,0.010307169,0
-0.20053087,-0.34594664,0.034781747,0
-0.09730264,-0.37596923,0.014563241,0
0.096382946,0.06927318,0.010306636,0
0.20812465,0.20802046,-0.016298978,0
0.16555634,0.30431694,7.28E-04,0
-0.005781037,0.010241219,-0.002466776,0
-0.109009005,-0.28175023,-3.37E-04,0
-0.16541205,-0.33766127,0.008177067,0
0.035723027,-0.086053126,-0.007787233,0
0.19003305,0.10550209,-0.031200359,0
0.24643597,0.2587504,-0.032263942,0
0.068713345,0.28670657,0.008175602,0
-0.08240392,-0.12332843,-0.003530228,0
-0.15051307,-0.5323206,0.001792893,0
-0.08878903,-0.14713739,0.02520482,0
0.11128193,0.21423624,-0.010977188,0
0.1474646,0.26495683,-0.00353196,0
0.1017038,-0.07259504,-0.009916402,0
0.001668322,0.038198996,-0.012044371,0
0.005925193,0.16348898,-3.38E-04,0
-0.014294647,-0.006323821,-0.013108356,0
-0.10368802,-0.12125708,0.010304504,0
-0.03451462,-0.13575837,-0.003531427,0
0.021888295,0.118967906,-0.006722183,0
0.08893345,0.11171986,-0.018428545,0
0.002732573,0.016455391,-0.006723115,0
-0.07601855,-0.21547835,-0.01736376,0
-0.045156866,0.07546657,-0.012046636,0
-0.008973657,0.13656749,-0.06312603,0
0.07297022,0.13552895,-0.016301775,0
-0.051541973,-0.106765926,-0.006724048,0
-0.11433026,-0.003224862,0.012430608,0
-0.018551517,-0.13886079,-0.032264076,0
0.01550292,0.0330175,-0.001403458,0
-0.012166278,0.022663433,-0.026944287,0
-0.024936892,0.19143784,-0.001404124,0
0.025080781,0.1282757,-0.017367225,0
-0.006845288,0.049586937,0.006046567,0
-0.068569325,-0.14094026,0.010301973,0
-0.1388071,-0.19168286,0.008172005,0
-0.06537671,-0.05395892,0.011367156,0
0.048493374,0.09721284,-0.017367093,0
0.06977747,0.17072704,-0.016303508,0
0.08999744,0.047512926,-0.036522415,0
-0.018551651,0.006088534,0.013493394,0
-0.03238625,-0.11815506,-0.004595412,0
-0.0728262,-0.18856764,-0.012045437,0
-0.047285233,-0.104701504,-0.01311102,0
-0.031322267,0.022653442,-0.015240588,0
0.015502787,0.024726253,7.23E-04,0
0.060199603,0.036119923,-0.006725513,0
0.04849324,-0.16476122,0.006043636,0
-0.028129512,-0.005302737,-0.002469974,0
-0.022808256,-0.004252608,-0.01097972,0
-0.03557887,0.01645459,-0.003530761,0
-0.049413603,-0.1502554,-0.007788432,0
-0.043028362,-0.039468557,-0.007790031,0
0.108089045,-0.0767356,-0.010980253,0
0.06552059,-0.03325425,-0.023752732,0
0.036786877,0.080638744,-0.008855348,0
-0.029193763,0.08271235,-0.006726179,0
-0.06750508,-0.17821358,0.01775213,0
-0.10156004,-0.20514987,0.020940887,0
-0.058991596,-0.24138184,0.01881465,0
0.04530062,0.09410109,0.010300773,0
0.075098455,0.074432164,0.002852481,0
-0.03451475,-0.013580128,0.008173604,0
-0.08453269,-0.17305486,0.009233591,0
-0.08559694,-0.10368002,0.00816934,0
0.04104388,0.0433669,0.007108819,0
0.04104375,-0.007374349,-3.42E-04,0
0.05062161,-0.09538677,-0.029075187,0
-0.06005558,0.13346186,0.02733159,0
-0.058991596,-0.028081017,-0.009918933,0
-0.08772518,-0.25277138,-0.010982918,0
-0.033450503,-0.19478181,-3.40E-04,0
0.012310167,0.21628466,0.00710842,0
0.111281395,0.11273521,0.001786098,0
0.0399795,-0.042579904,-0.005662861,0
-0.101559915,-0.014624793,0.010299575,0
-0.06324834,0.00712907,0.002852614,0
-0.037707373,-0.06639206,-0.003533692,0
0.043172117,0.038185406,0.008171871,0
0.001668055,-0.010483034,0.001785965,0
-0.034514885,0.05371444,0.004978585,0
-0.057927344,0.00194451,0.001786498,0
-0.058991596,-0.09331716,0.004978985,0
-0.0611201,-0.05604732,0.007105755,0
-0.05260649,0.042319838,-0.001407721,0
-0.013230662,0.024723455,-0.001406123,0
-0.044092614,0.042329963,7.23E-04,0
-0.015359164,0.07235283,7.22E-04,0
-0.04090026,0.006078542,0.006041371,0
-0.066440955,-0.17304021,-0.001404524,0
-0.07495483,0.0733859,0.013491795,0
0.019759793,0.020591022,-0.002467976,0
-0.001524299,0.17176332,0.001788097,0
-0.068569325,-0.12229789,0.004982049,0
-0.08772518,-0.18754415,0.016684815,0
-0.038771626,0.007127871,7.24E-04,0
0.06552059,0.1531256,-0.002468508,0
0.055942733,0.02576439,-0.003533159,0
-0.018551784,-0.07675425,-0.007792429,0
-0.060055982,0.001935584,-3.44E-04,0
0.015502787,-0.03429865,-0.019498127,0
0.06552046,0.14483088,-3.43E-04,0
0.062327974,-0.07053262,-0.007790164,0
-0.04302876,0.009175236,0.004974588,0
-0.040900126,-0.10471083,7.21E-04,0
0.025080647,-0.121274136,-0.003534492,0
0.03572263,0.042322636,-0.006728045,0
0.031465888,0.13447909,-0.019498127,0
0.06019947,-0.06950568,-3.43E-04,0
-0.006845554,-0.13991518,-0.009920532,0
-0.006845688,0.041278236,0.007104157,0
0.036786746,-0.11196168,-0.029077185,0
0.038915247,-0.026019795,-0.002472106,0
0.064456075,0.082697965,-0.017372021,0
0.04849311,0.035073657,-0.012049301,0
0.018695274,-0.045692854,-0.005664593,0
-0.018551784,-0.14095026,-3.43E-04,0
0.030401371,-0.09850905,-0.008859345,0
0.05487835,0.050601892,-0.006729244,0
0.06445634,0.10135074,-0.004597677,0
-0.006845421,-0.004266464,-0.005662328,0
-0.06963384,-0.15752396,0.015618699,0
-0.033450633,-0.23828208,0.009235057,0
0.022952145,0.020580629,0.009235457,0
0.09212568,0.18624794,-0.001407455,0
0.07296982,-0.036376525,-0.020564243,0
-0.049413737,0.038181543,0.010299308,0
-0.07389058,-0.14509548,0.001784766,0
-0.063248605,-0.19893862,0.002849017,0
0.029337253,-0.03637999,0.001783167,0
0.109153025,0.08063675,-0.009919998,0
0.05807097,0.15207827,-0.013113685,0
-0.012166544,0.056816064,-0.005664593,0
-0.08346844,-0.27245256,-0.013113285,0
-0.05367074,-0.0529405,-0.003536091,0
0.045300487,0.16346622,-0.019499458,0
0.11873075,0.1883161,-0.008857613,0
0.008053295,-0.06743486,-0.009920798,0
-0.09836742,-0.06640165,0.006041637,0
-0.09623892,-0.083998434,-3.42E-04,0
0.027209017,0.078562334,0.002849417,0
0.028273135,0.04542666,-0.00885708,0
-0.033450767,0.04956682,-0.004600608,0
-0.07495483,0.037142605,0.006041637,0
-0.029193897,-0.047763668,-0.002471973,0
-0.06856946,-0.00323179,0.003915133,0
-0.05260649,0.046461333,7.20E-04,0
-0.035579138,-0.02705407,-0.002471706,0
-0.04409275,-0.08606978,-0.008855747,0
-0.03664339,0.0412829,-0.007793361,0
0.012310167,0.09306242,-0.010984116,0
0.020823777,0.051643096,-0.004599276,0
-0.029193897,-0.030161155,-0.004600341,0
-0.11007379,-0.0539825,-0.008858812,0
-0.09623892,-0.015658269,0.001786498,0
0.016566772,0.0568126,-0.007793895,0
0.037851263,0.012303239,7.23E-04,0
0.043172117,0.05889314,-0.003534492,0
-0.02387304,0.054738987,0.004975787,0
-0.05473486,-0.019808687,-0.016307104,0
-0.05686336,-0.052942898,0.006041104,0
-0.024937024,-0.08503817,-0.008856813,0
-4.60E-04,-0.030165419,0.006040438,0
0.0697772,0.016433408,-0.015242587,0
0.06552046,0.08063128,-0.008857213,0
0.06339196,0.044389986,-0.019499458,0
-0.02493729,0.025742274,-0.01950199,0
-0.023872774,-0.07260969,-0.010984383,0
0.064456075,-0.023958575,-0.028015599,0
0.10489616,0.06613932,-0.019498127,0
0.08786867,0.121009804,-0.040784482,0
0.033594124,0.0516331,-0.02162916,0
-0.016423415,-0.03327024,0.0017841,0
0.0261449,-0.004266864,-0.012047702,0
0.030401371,0.040236235,-0.017374154,0
0.00592466,0.031960044,-0.015243785,0
0.009117413,-0.028094072,-0.010986648,0
0.026144765,-0.023950048,-0.013114484,0
6.04E-04,-0.002207242,-0.012050632,0
0.025080515,0.055780724,-0.045040287,0
0.028273135,0.10030474,-0.047168657,0
0.060199603,0.09410256,-0.03758813,0
0.04849311,0.06613479,-0.035462428,0
0.03785113,0.036115658,-0.020561311,0
-0.01429478,0.03094309,-0.009918001,0
-0.052606355,-0.003228726,-0.007790164,0
-0.064312585,0.074432164,-0.004596877,0
-0.074954435,0.00609906,0.013496191,0
-0.024936758,-0.006328085,0.006046167,0
-0.03877149,-0.041530844,0.007110951,0
-0.043028228,0.028882667,-0.012043704,0
-0.029193496,0.086866505,-0.0077871,0
0.050621744,0.11999565,-0.039714634,0
0.097447194,0.05270681,-0.03119716,0
0.14320813,-0.07361226,-0.03225995,0
0.11873129,-0.15127489,-0.006720184,0
-0.004716519,-0.13780826,-0.002461847,0
-0.08559628,-0.032192532,7.31E-04,0
-0.12710033,0.012334549,0.011373685,0
-0.06431192,0.017516444,-0.004588084,0
-0.003652135,0.025798498,-0.008845355,0
0.03359506,0.016483236,-0.013101161,0
0.04742979,0.008202381,-0.014164613,0
0.026145566,-0.002154616,-0.01629378,0
0.01763209,-0.015606442,-0.018419886,0
-0.007908873,-0.057031233,-0.002458516,0
-0.013229863,-0.05806391,0.001798888,0
-0.040899195,-0.011464682,0.002864072,0
-0.016422482,0.03202,-0.013099829,0
-0.014293847,0.003043002,-0.007774842,0
0.019760458,-0.010427344,-0.015226732,0
0.019760592,-0.003176499,-0.012033446,0
0.020824842,0.012362394,-0.01415995,0
-0.006844355,0.016503355,-0.012031714,0
0.008054495,0.018580562,-0.018415356,0
-0.020679088,-0.026986254,-0.00245412,0
-0.003651735,-0.047695186,-0.00564674,0
-0.014293714,-0.02387264,-0.003516506,0
-0.020678954,0.003052328,-0.005643942,0
-0.047284033,0.009268898,-0.002450389,0
-0.039834544,0.026873007,-0.001385738,0
-0.056861896,0.018589756,-3.21E-04,0
-0.038770426,0.010306236,-0.003513974,0
-0.02174294,-0.016611671,-0.003513175,0
-4.59E-04,-0.03214297,-0.004577293,0
0.011247382,-0.03421192,-0.003512509,0
0.019761125,-0.010390172,-0.008831899,0
0.00699051,0.00616834,-0.004577293,0
0.001669654,0.024818316,-0.009895218,0
-0.015357565,0.004109385,-0.001381475,0
0.004862274,0.012394902,-0.007766183,0
0.011247515,-0.002101989,7.47E-04,0
0.024017995,0.019644547,-0.012022655,0
-0.005779571,0.001011625,7.49E-04,0
-0.007908073,0.006177933,-0.00351051,0
0.003798156,-0.02073651,-3.16E-04,0
-0.004715453,-0.04248318,0.002875796,0
0.003798156,-0.021771584,-0.002444394,0
-0.010036442,-0.002097726,0.002876596,0
-0.015357432,0.006188058,-0.001379476,0
-0.027063662,0.004114847,0.009261836,0
-0.019614037,-0.006226296,0.005008429,0
-0.003651069,0.005159913,0.002879127,0
0.01018353,-0.007270695,0.003941913,0
0.011247781,-0.015551151,0.007135333,0
0.028275,0.001010825,0.001813011,0
-0.005779438,0.001018553,0.006071881,0
-0.00471532,0.021720156,-0.002443594,0
-0.012164678,0.018623462,0.002879793,0
0.008055161,-0.008296043,7.52E-04,0
0.024018262,-0.02383467,0.002878461,0
0.01337615,0.002051761,7.50E-04,0
-0.022806924,0.027930064,7.48E-04,0
-0.055797245,0.043466825,0.001813677,0
-0.023871042,0.044499103,-0.00137961,0
0.016568637,-0.016591953,-3.15E-04,0
0.020825509,-0.0497243,0.002877662,0
-0.002586951,-0.03626581,7.49E-04,0
-0.019614171,0.0186184,7.50E-04,0
-0.01110056,0.006188458,-0.002443594,0
0.01018353,-0.014513013,-0.003505847,0
0.034660242,-0.03729822,-0.005635682,0
0.028275,-0.012448994,-0.006700332,0
0.03040337,0.018611873,-0.013086106,0
0.006990776,0.035178244,-0.010958003,0
-4.58E-04,0.0455431,-0.010955205,0
-0.008972191,0.07141994,-0.009893485,0
-0.012164678,0.03932733,-0.012020256,0
0.01018353,-0.003126538,-0.010956272,0
0.052751843,-0.03522341,-0.014148358,0
0.06871495,-0.017622763,-0.018405763,0
0.046366736,0.008270996,-0.01840363,0
-0.0015227,0.039325066,-0.012020789,0
-0.025999278,0.03622451,-0.008826703,0
-0.03451289,0.003094829,-0.004568633,0
-0.058989864,-0.030047376,0.003942712,0
-0.020678287,-0.037288096,7.52E-04,0
-0.015357166,-0.04453734,0.007136931,0
-0.027063528,-0.048682697,0.00287926,0
-0.018549785,-0.015544889,0.002880193,0
-0.025999144,-0.019676656,-3.10E-04,0
-0.025999278,-0.00829218,0.00713813,0
-0.020678155,-0.007255507,0.00713853,0
-0.020678021,-0.01346355,0.006075478,0
-0.017485535,-0.027967237,0.00394511,0
-0.019613903,-0.023823079,0.002881525,0
-0.011100294,-0.003111882,0.003946309,0
-0.002586685,-0.006219368,0.002881792,0
0.014440535,0.003098692,-0.003503449,0
0.020825775,0.017590389,-0.007761519,0
0.032532137,0.03209194,-0.010952674,0
0.018697405,0.002064418,-3.11E-04,0
0.025082646,-0.010359129,-0.003502783,0
0.018697405,-0.024855753,0.001818074,0
0.009119545,-0.03210553,7.53E-04,0
0.003798689,0.00103987,0.003948974,0
0.003798689,0.015533431,-0.001372682,0
-4.58E-04,0.023826942,-3.06E-04,0
0.005927192,0.027968036,-0.005627022,0
0.027211282,0.047639497,-0.007755924,0
-0.002586418,0.033138208,-3.08E-04,0
-0.023870375,0.056966215,-0.003497187,0
-0.007907407,0.04763843,-0.009884693,0
0.008055694,-0.0186192,-0.001368285,0
0.06233024,-0.04865059,-0.009882827,0
0.055944998,-0.041402407,-0.001369084,0
0.035725024,-0.004131101,-0.008819775,0
-0.00365027,0.010377382,-0.001367086,0
-0.030255483,-0.020685349,0.005018155,0
-0.04196198,-0.031046743,0.009273161,0
-0.023870243,-0.037251323,0.006082539,0
-0.007907141,-0.028969668,0.003953637,0
-0.022805858,-0.023780445,0.008213573,0
-0.037704974,0.030048175,0.007145724,0
-0.049411204,0.033158723,0.005018421,0
-0.025998611,0.002099325,-0.001365754,0
0.017633822,-0.0331053,-0.002429871,0
0.039982162,-0.039315607,-0.004557574,0
0.030404301,-0.023784708,-3.01E-04,0
-0.005778639,0.027986156,-0.002429738,0
-0.016420618,0.055951394,-0.009877098,0
-0.01961337,0.043517455,-0.007750861,0
-0.005778772,0.012449927,-0.006687809,0
0.011248713,0.001077041,-0.005619161,0
0.03891791,-0.003078974,-0.009879629,0
0.027211681,-0.012396368,-0.00668661,0
0.014441334,0.008320824,-0.008812847,0
0.020826308,0.032125648,-0.013072383,0
-0.001521767,-0.006176733,7.64E-04,0
-0.019613104,0.002115979,0.002895248,0
-0.034512088,0.008322823,0.006086403,0
-0.031319335,-0.005134333,0.001830464,0
-0.017484736,-0.04344551,0.002894848,0
0.04104655,-0.040343754,-0.003491458,0
0.057009783,-0.07450611,-2.97E-04,0
0.050624542,-0.05069129,-0.002425475,0
0.002735104,-0.00306272,-0.002426008,0
-0.046218317,0.038353812,0.003958833,0
-0.08027276,0.028010936,0.014603877,0
-0.05366754,0.008337478,0.010347138,0
-0.03557607,0.001088633,0.008218503,0
-0.0153561,0.019727817,0.00289778,0
-0.002585486,0.040440213,-0.001358026,0
0.012313365,0.032164685,-0.003484397,0
0.03998256,0.026976662,-0.009872435,0
0.032533072,-0.014441734,-0.00242321,0
0.001671253,0.006277456,0.006093064,0
-0.025998212,0.019728215,0.00928302,0
-0.03876856,0.014558711,0.012477639,0
-0.025998078,-0.0392859,0.017798362,0
0.004863873,-0.04445607,0.015671724,0
-0.001521234,-0.048599027,0.017799826,0
-0.032383185,0.019741407,0.011414853,0
-0.03451169,0.03837593,0.014606674,0
-0.01216308,0.02699638,0.007159847,0
0.015505985,-0.027888231,0.00928675,0
0.022955477,-0.05895123,0.011415252,0
0.050624806,-0.048596762,-2.91E-04,0
0.057010047,-0.00200553,-0.004548781,0
0.026148098,0.0135299,-2.91E-04,0
-0.007906342,0.053914953,0.003966427,0
-0.022805192,0.02699758,0.006095996,0
-0.025997812,0.005249711,0.006095063,0
-0.025997812,-0.0744728,0.010353667,0
-0.002585352,-0.05688108,0.008222366,0
-0.005777839,-0.0485901,0.007160114,0
-0.006841957,0.008365057,0.00184059,0
-0.002585219,0.047711574,-0.004544651,0
0.006992509,0.038388982,-0.006673953,0
0.001671519,-0.010273994,-0.002416415,0
0.01763462,0.012503352,-0.006673819,0
0.020827241,0.008363059,-0.005609302,0
0.014442001,0.02182381,-0.00667342,0
-0.022805192,0.015609639,-0.00454545,0
-0.01216308,0.063243136,-0.005608902,0
0.010185129,-0.003026747,-0.00667342,0
0.036790475,-0.025794901,-0.009863109,0
0.033597857,-0.03512122,-0.008800723,0
0.032533605,0.001123806,-0.008799524,0
0.006992642,0.014583492,-0.005607303,0
0.01763462,0.034250688,-0.011994143,0
0.03253374,-0.004052894,-0.007735273,0
0.034661975,-0.042370867,-0.007737005,0
0.028276866,-0.025793701,-0.002413351,0
-0.005777573,0.028049706,-0.002413217,0
-0.021740675,0.035298552,-0.003477202,0
-0.046217386,0.016661765,-2.84E-04,0
-0.002584953,-0.006117979,-2.84E-04,0
0.020827508,-0.018543258,-0.001348567,0
0.03146962,-0.023718625,-0.004540654,0
0.018699137,0.004241017,-0.005604106,0
0.014442267,0.019767253,-0.008798191,0
0.012314031,0.051876117,-0.009859778,0
-4.56E-04,0.052907325,-0.008796593,0
0.01124978,0.04462567,-0.011988813,0
0.024020128,0.009414386,-0.00986191,0
0.028277133,-0.029920006,-0.006666092,0
0.02721288,-0.017500857,-0.006667691,0
-0.00577744,-0.005074379,-0.001346435,0
-0.023868777,0.02081858,-2.80E-04,0
-0.024933027,0.012538925,0.00504147,0
-0.023868911,-0.010248547,0.005039472,0
-0.018547654,-0.042335693,0.009299408,0
-0.003648804,-0.029913478,0.003977486,0
-0.011098429,-0.028886132,0.003975354,0
-0.010034044,-0.015416054,0.005042003,0
0.008057293,-0.002995305,7.84E-04,0
-0.001520302,-0.021625295,0.005042936,0
-0.027061263,0.015651073,0.005043069,0
-0.05047399,1.13E-04,0.0167477,0
-0.037703242,-0.007124008,0.008236889,0
-0.008969793,-0.019556614,0.0029139,0
-4.56E-04,-0.00712161,0.001852181,0
0.02082804,-0.005051596,0.001852048,0
-0.015354901,0.04050523,0.011429242,0
-0.023868643,0.020829372,0.006107586,0
0.009121677,-0.010232693,7.87E-04,0
0.017635286,-0.07961286,0.006106387,0
-0.001520302,-0.08374769,0.015686113,0
-0.02067589,-0.04336304,0.0188794,0
-0.051537976,0.013581726,0.017813949,0
-0.06430846,0.03533226,0.011430308,0
-0.085592546,0.036369197,0.014623328,0
-0.07920757,0.007363557,0.014619864,0
-0.041960113,-0.009194821,0.016750498,0
0.036791276,-0.05266964,0.001855245,0
0.090001434,-0.06407197,-0.00453306,0
0.08574456,-0.056828056,-0.006662628,0
0.061267987,0.003234988,-0.005596512,0
0.016571302,0.07883066,-0.007722749,0
-0.03238212,0.0746873,0.003982948,0
-0.0291895,0.026018197,0.002917897,0
0.01763542,-0.006082672,0.001853113,0
0.038919643,-0.011254177,-0.006658898,0
0.025085045,0.00738221,-2.74E-04,0
0.011250312,0.041549895,-0.001338708,0
-0.006841158,0.02291311,0.001854046,0
-0.006840891,0.005322855,0.002921495,0
-0.004712656,0.003243914,7.91E-04,0
-0.015354901,-0.012295778,0.0050456,0
-0.005776907,-0.009182431,0.003983215,0
0.002736703,0.001171502,0.003983215,0
-0.05048132,0.06697814,-0.05679648,1
0.07190237,0.10424692,-0.14619185,1
0.058067773,0.14981534,-0.042961348,1
0.07083825,-0.033461425,-0.1472545,1
-0.08879276,-0.098695174,-0.078081235,1
0.20918517,0.13117228,-0.17811698,1
-0.018554982,-0.13492687,-3.92E-04,1
0.12936966,0.048344024,-0.056795545,1
0.005921729,-0.0334501,-0.101490766,1
-0.045160063,0.16846545,-0.056793015,1
0.10914983,-0.08936925,-0.022740709,1
0.086801484,-0.13802823,-0.057857666,1
-0.0472883,0.16639796,-0.037636362,1
0.12298469,-0.124563485,0.10177428,1
-0.13561767,0.013147792,0.061333667,1
-0.003655865,-0.015839463,-0.13341483,1
-0.18563522,0.10841533,-0.040828314,1
0.057004053,-0.24880415,0.1251902,1
-0.055801906,-0.08003121,0.024089275,1
-0.11965431,0.11152521,0.011318527,1
0.027206352,0.10429102,-0.019539693,1
-0.012169208,0.005921463,0.09965084,1
0.087866135,0.024559047,0.1709526,1
0.3081572,0.003856378,0.02835041,1
-0.02600394,0.08668491,0.1326409,1
0.093187526,-0.035477746,0.04750946,1
0.0878664,-0.035482276,0.13264489,1
0.044233706,-0.019959906,0.0932668,1
-0.020682551,0.16850328,-0.04507679,1
-0.11539718,-0.003389669,-0.006767748,1
0.21557121,-0.04480567,0.277376,1
-0.20691878,-0.008550248,0.09752873,1
-0.04515926,0.19128929,-0.1663949,1
0.06764643,0.074276954,-0.22812067,1
0.013371887,-0.04169232,0.020903716,1
-0.004719317,0.2585944,0.06879515,1
-0.004719317,0.28448054,0.060281407,1
-0.052608754,0.376635,0.029419458,1
-0.10581905,0.4346231,0.001750792,1
-0.14306638,0.40252116,-0.017405596,1
-0.16328634,0.31864518,-0.034434147,1
-0.15370862,0.21095236,-0.03443588,1
-0.12071803,0.13226812,-0.008892386,1
-0.06963597,0.08567355,0.031547427,1
-0.00471945,0.01525631,0.06453601,1
0.05061908,-0.032374125,0.08369187,1
0.07403181,-0.008554245,0.085821435,1
0.07509592,0.025615038,0.074115075,1
0.066582315,0.041146204,0.05389497,1
0.05168333,0.06599303,0.033674065,1
0.031463623,0.08671129,0.021970231,1
0.015500256,0.08566689,0.009197352,1
-0.002591081,0.08566689,0.003876363,1
-0.021746669,0.09706416,0.006006731,1
-0.035581402,0.099134706,0.001749726,1
-0.04090239,0.10327646,-0.021662734,1
-0.036645785,0.12604581,-0.05146323,1
-0.023875171,0.14883648,-0.07168027,1
-0.006847953,0.16850369,-0.0855166,1
0.004858277,0.19128582,-0.09296543,1
0.015500389,0.18404311,-0.08870722,1
0.016564641,0.16436659,-0.07274493,1
0.011243518,0.15504679,-0.03656212,1
-0.002591081,0.13123077,0.014519541,1
-0.026003541,0.09499254,0.062409513,1
-0.058993995,0.070139855,0.10816991,1
-0.08772758,0.04529076,0.14435339,1
-0.09730544,-0.006480634,0.15605988,1
-0.08559907,-0.05411107,0.14222515,1
-0.048351884,-0.068607695,0.1156198,1
0.013372153,-0.07791856,0.08369573,1
0.08467405,-0.09966216,0.048577044,1
0.15384744,-0.1317625,0.027292553,1
0.21025036,-0.169045,0.029419191,1
0.24430506,-0.18043333,0.05176793,1
0.25813967,-0.15144248,0.077308625,1
0.24749768,-0.09966363,0.09008071,1
0.22514935,-0.050996657,0.083695866,1
0.19428739,-2.56E-04,0.062412575,1
0.14959045,0.060817797,0.032610346,1
0.10170113,0.107417025,-0.001443028,1
0.06871082,0.106384344,-0.029111693,1
0.053811967,0.07428974,-0.03868849,1
0.055940334,0.033905085,-0.028047042,1
0.06551819,-0.024079682,-0.003570198,1
0.08680229,-0.10277498,0.021970231,1
0.111279264,-0.15971641,0.036871213,1
0.13256322,-0.1638647,0.037933733,1
0.1453337,-0.118305214,0.025163252,1
0.14426945,-0.029264642,-0.002508078,1
0.12830648,0.075323746,-0.042945758,1
0.10276566,0.14988849,-0.09402435,1
0.07296782,0.2016572,-0.14191459,1
0.03784873,0.24306068,-0.17278028,1
0.015500522,0.25652462,-0.1940637,1
0.016564773,0.23996332,-0.20151159,1
0.035720363,0.20475084,-0.1919356,1
0.07083918,0.13123584,-0.16533011,1
0.11234338,0.020448199,-0.12276047,1
0.1357561,-0.08309153,-0.07486996,1
0.121921375,-0.14107643,-0.03230165,1
0.08680242,-0.14936662,-0.009955038,1
0.039977368,-0.1255498,-0.011018757,1
-0.012168809,-0.06549781,-0.029111292,1
-0.054737125,0.001806749,-0.06103736,1
-0.07389285,0.045295425,-0.102541424,1
-0.06112223,0.07222506,-0.13552974,1
-0.020682419,0.07842697,-0.14936727,1
0.031463623,0.046332363,-0.15043034,1
0.078288674,0.005948109,-0.14723824,1
0.10595814,-0.017866977,-0.14936662,1
0.12724237,-0.034429085,-0.14830115,1
0.14852633,-0.017868575,-0.14298177,1
0.17619592,0.048406374,-0.13553068,1
0.20918624,0.11156811,-0.12595296,1
0.23579146,0.11985056,-0.11318274,1
0.23898408,0.07636189,-0.10999012,1
0.21025036,0.02044127,-0.10679923,1
0.15916844,-0.004404225,-0.10147677,1
0.0995729,0.00905293,-0.09189985,1
0.04636261,0.0742952,-0.083383836,1
0.011243651,0.16230257,-0.073807314,1
-0.008976055,0.25135392,-0.0652929,1
-0.031324398,0.3145154,-0.049329933,1
-0.047287498,0.28035223,-0.01527363,1
-0.05048025,0.1467686,0.024099,1
-0.027067525,-0.037533507,0.050705947,1
0.017629026,-0.21770331,0.07837474,1
0.07403194,-0.34506106,0.114558354,1
0.12724224,-0.40512383,0.13584071,1
0.1708748,-0.41650632,0.12732896,1
0.20386511,-0.40201634,0.09433691,1
0.22195671,-0.32746428,0.047511727,1
0.22408536,-0.18145496,-0.00675962,1
0.19854426,-0.011650006,-0.058907926,1
0.15916857,0.1302061,-0.10998972,1
0.11127913,0.20785673,-0.12914744,1
0.07509619,0.19854866,-0.1067963,1
0.0676467,0.1271006,-0.06954964,1
0.08148156,0.038057372,-0.030172747,1
0.109150894,-0.044779688,0.013459287,1
0.13788448,-0.10069484,0.05283458,1
0.14746234,-0.0996579,0.083697066,1
0.1357561,-0.06652396,0.09433904,1
0.10595841,-0.036489904,0.094340645,1
0.06338996,0.010097596,0.08369666,1
0.019757394,0.0629042,0.057091188,1
-0.017489664,0.090861976,0.014523005,1
-0.045159128,0.0898265,-0.031237664,1
-0.061122097,0.08982917,-0.07380531,1
-0.06644322,0.075328015,-0.10998972,1
-0.047287498,0.012170408,-0.13340098,1
-0.008976055,-0.073773734,-0.13872263,1
0.03891338,-0.14313886,-0.13446337,1
0.08786667,-0.19492264,-0.12701693,1
0.12830661,-0.22805272,-0.12382312,1
0.1495907,-0.22287469,-0.12382299,1
0.14639822,-0.2042367,-0.118501864,1
0.121921375,-0.18145722,-0.122758865,1
0.07616044,-0.13486692,-0.13020957,1
0.02827127,-0.095507614,-0.14829783,1
-0.002590815,-0.087237954,-0.17809926,1
-0.015361163,-0.08826224,-0.19405943,1
-0.023874905,-0.08101912,-0.18341865,1
-0.028131777,-0.07894817,-0.16426294,1
-0.034517016,-0.08101792,-0.14936368,1
-0.045158863,-0.057194572,-0.11637123,1
-0.056865226,-0.007497855,-0.0791251,1
-0.0632506,0.029771853,-0.07699833,1
-0.05580111,0.040130183,-0.10466673,1
-0.035581134,0.021490999,-0.13233647,1
-0.010040173,-0.014750963,-0.14085047,1
0.011243917,-0.059268184,-0.12701401,1
0.022950014,-0.111051306,-0.0929621,1
0.031463757,-0.16282164,-0.057842877,1
0.037848998,-0.15867668,-0.029108362,1
0.03678488,-0.10068712,-0.023786174,1
0.022950148,-0.03856578,-0.05358534,1
-0.002590548,0.03599735,-0.107857086,1
-0.04303076,0.12709941,-0.16213603,1
-0.083470576,0.20786418,-0.19512647,1
-0.11539664,0.2741446,-0.20257278,1
-0.14519434,0.33731338,-0.1876722,1
-0.17073543,0.37354815,-0.14723384,1
-0.18776266,0.36008888,-0.07380318,1
-0.20798263,0.32488492,0.027296817,1
-0.22820273,0.27413768,0.12413688,1
-0.23565196,0.19856104,0.20289107,1
-0.219689,0.11675347,0.25184277,1
-0.17818493,0.05048305,0.2646127,1
-0.12391025,-0.005422245,0.2518445,1
-0.06750747,-0.0468509,0.21353011,1
-0.026003275,-0.063410744,0.17415641,1
-0.005783302,-0.08101672,0.16777024,1
-0.002590681,-0.10896957,0.19224815,1
-0.007911671,-0.106902085,0.22098081,1
-0.011104291,-0.054094415,0.23055866,1
-0.001526297,0.032891728,0.22098307,1
0.003794692,0.13126288,0.19331467,1
-0.006847553,0.19441302,0.15712853,1
-0.028131511,0.19752477,0.11881855,1
-0.048351616,0.1778452,0.08476225,1
-0.06750721,0.17578463,0.063480824,1
-0.068571456,0.17059861,0.052836448,1
-0.05792948,0.16852807,0.048579708,1
-0.045158863,0.16853192,0.04325965,1
-0.030260013,0.1322933,0.041131817,1
-0.013232527,0.048426893,0.039004512,1
0.003794559,-0.030268406,0.036875743,1
0.02295028,-0.0665109,0.03687521,1
0.035720762,-0.062373005,0.027296416,1
0.0399775,-0.026133176,0.00601206,1
0.037849132,0.017355368,-0.02272139,1
0.03252814,0.052561324,-0.05464746,1
0.027207019,0.08776262,-0.0908316,1
0.025078783,0.10330897,-0.12807493,1
0.03146389,0.048416767,-0.15255524,1
0.055940736,-0.061335534,-0.16213189,1
0.08999544,-0.14312832,-0.16213003,1
0.1272425,-0.18662792,-0.15255497,1
0.16555408,-0.23218128,-0.12807652,1
0.19535178,-0.28292188,-0.086573526,1
0.20173702,-0.32744682,-0.026978128,1
0.17832442,-0.36472866,0.025166448,1
0.13788462,-0.38336012,0.061351255,1
0.088931054,-0.3781829,0.092213206,1
0.043170255,-0.3688623,0.116690315,1
-0.004718917,-0.3419388,0.13158983,1
-0.055800974,-0.27877665,0.13265395,1
-0.11539637,-0.18972342,0.12307742,1
-0.16647856,-0.10586394,0.09008404,1
-0.19201952,-0.031306542,0.042196065,1
-0.19840464,0.042213786,0.007078176,1
-0.1898913,0.11053583,-0.020595552,1
-0.1696712,0.12814994,-0.03336297,1
-0.15370809,0.11158356,-0.020592354,1
-0.14306584,0.09502039,0.004949541,1
-0.13455236,0.08258845,0.040066633,1
-0.12816712,0.08983849,0.08902072,1
-0.13029549,0.10951009,0.13797374,1
-0.14945121,0.12194043,0.004949141,1
-0.013232661,-0.060302857,0.18479879,1
-0.021746136,0.20685735,-0.10678977,1
0.10063729,-0.17316678,-0.08976668,1
0.13788487,-0.03336843,-0.13658828,1
0.055940866,-0.119313106,-0.002498885,1
-0.06005758,0.14473297,-0.067413546,1
0.044234637,-0.057182983,0.19012338,1
-0.06963544,0.2824433,0.033684988,1
0.14533436,0.002876995,-0.009946379,1
0.09744506,0.037047878,-0.094018355,1
0.19003132,-0.18556154,-0.068474464,1
0.27091107,-0.23112223,-0.098272696,1
0.005923461,-0.1627806,-0.062088955,1
0.031464424,-0.031281363,0.021982621,1
-0.094111755,-0.17209066,0.19545144,1
-0.032387983,0.16131252,0.01134091,1
0.10808758,0.038109597,-0.06634223,1
0.03359306,-0.1927964,-0.06315001,1
-0.13774405,0.08471082,-0.041863788,1
-0.057928544,-0.0664656,-0.100395605,1
-0.14732204,0.27419683,-0.15999088,1
0.016565707,-0.23939149,0.19438799,1
-0.078148514,0.1230196,0.020923566,1
-0.08559787,0.14994577,0.015603777,1
0.038914315,0.06815538,-0.06846593,1
0.15491289,-0.3615592,0.07839313,1
-0.012167476,0.1364946,-0.094006896,1
0.005924127,-0.09543834,-0.021639151,1
0.10276686,-0.2383367,0.05711024,1
0.058070168,0.06298267,0.04327684,1
-0.068570256,-0.05609142,0.14863397,1
0.07829001,0.0712574,-0.010999838,1
0.1112806,-0.13064376,-0.119546264,1
-0.35377797,0.04744751,-0.013126874,1
-0.18988983,0.14168464,0.15714918,1
0.01443787,0.37776613,0.03689373,1
0.17938988,-0.44437855,0.60305166,1
-0.016423948,0.2876878,0.27208498,1
-0.3122735,-0.09541968,0.13373978,1
0.025080115,-0.11923464,-0.26214498,1
-0.005781836,-0.12855935,-0.12486379,1
-0.09836796,0.08163158,-0.23447832,1
-0.22713701,-0.119245425,-0.04717798,1
-0.03770817,0.08680841,-0.15253446,1
-0.14200039,0.22866865,-0.028021062,1
-0.055799644,0.026752567,0.039022766,1
0.12937246,-0.003265098,0.08265786,1
0.1336292,0.12098583,0.16885808,1
0.116601855,0.045396812,0.25612268,1
-0.07921197,0.27734774,0.050733525,1
0.025079982,0.05989264,0.095427275,1
-0.04090066,8.78E-04,0.04753944,1
0.053813696,-0.029147798,0.05498933,1
0.10383137,-0.013625027,-0.051433522,1
-0.14519274,0.11996128,-0.039723694,1
-0.052606754,-0.027073788,0.03796291,1
-0.09623932,0.0547262,-0.09506289,1
-0.15157825,-0.14719161,0.2497385,1
-0.1717981,0.4088446,-0.018440936,1
-0.22075164,0.36017826,-0.029083181,1
-0.050478388,0.35086194,0.21887775,1
-0.116459295,0.30633247,-0.032276466,1
-0.26012734,0.29391253,-0.015247783,1
-0.25693458,0.2835631,-0.022695942,1
-0.233522,0.24317726,-0.031210484,1
-0.1824402,0.16241062,-0.04717412,1
-0.1324224,0.09924422,-0.049303554,1
-0.100496195,0.06611427,-0.022697274,1
-0.0749551,0.15309669,0.1805675,1
-0.110073924,0.17898005,0.052861895,1
0.15810618,-0.2383038,0.052862026,1
0.23579332,0.018487567,-0.084420376,1
0.026144499,-0.13372193,0.17205375,1
-0.034515154,0.09201123,-0.06845541,1
-0.053671006,-0.047780722,0.1433199,1
-0.11645916,0.1914092,0.003909404,1
-0.09730331,-0.09332755,0.14013062,1
0.061263587,0.20074178,-0.12911293,1
0.12085899,-0.2952463,0.06350587,1
0.15810631,-0.039487474,0.11352461,1
0.057006583,0.06198597,0.16247816,1
-0.14519261,0.042315174,0.002847685,1
0.12830861,0.13447256,-0.17593825,1
0.28049028,-0.30351824,0.07734353,1
-0.012166544,0.0837373,-0.0397193,1
-0.107945286,-0.044660445,-0.06632518,1
-0.036643256,0.22870542,-0.11101973,1
0.012310167,-0.049823023,0.06883286,1
0.009117547,-0.007377147,-0.17593665,1
-0.12390812,0.13345374,-0.17912647,1
0.22621572,-0.35218108,0.04648238,1
-0.053670473,0.12309394,-0.033331525,1
-0.093046166,0.08685331,-0.001405323,1
0.20706026,0.024732381,-0.102503456,1
-0.037707373,-0.18546975,0.09969387,1
-0.06963344,-0.021858983,-0.06206271,1
0.2123814,-0.092268094,-0.08015391,1
0.09638281,0.037163522,0.043294292,1
0.016567172,0.036124587,0.004981916,1
-0.018551517,-0.18753336,-0.15890637,1
0.21344551,-0.062240973,-0.14400658,1
0.17406996,-0.08397752,0.115661904,1
-0.043028228,-0.071558766,0.09756857,1
-0.035578605,0.17902961,-0.012041707,1
0.03040217,-0.033232268,-0.00884802,1
0.09531856,-0.21755263,-0.07589598,1
-0.032385983,-0.04048538,-0.08653649,1
0.137887,-0.050838646,-0.065252,1
-0.06750481,0.04132087,-0.07695703,1
-0.011101893,-0.076727875,-0.052482318,1
0.063392624,0.03718284,-0.14080851,1
-0.05899093,-0.20303589,-0.05567081,1
-0.065376304,0.039255388,-0.11313864,1
0.24643649,-0.18750086,-0.00884469,1
0.18684097,-0.11811749,-0.04183288,1
-0.056862563,-0.09120558,-0.04077129,1
0.09531896,-0.18543111,-0.017358698,1
0.15810739,-0.098443635,0.06565196,1
0.109153695,-0.08188499,-0.09504544,1
-0.09198138,0.14591046,-0.08440399,1
0.40713188,-0.3583422,0.002863273,1
0.12086019,0.06516153,-0.07162938,1
0.05807177,-0.004222365,-0.13441993,1
0.24856487,-0.018723652,-0.1642191,1
0.08467685,-0.17404303,-0.014166611,1
0.03146669,-0.1988876,0.094384074,1
-0.049412936,0.18629818,0.01137595,1
0.017631955,-0.08498981,0.083741695,1
0.078291744,-0.13262025,0.00818293,1
-0.100494996,-0.05910711,0.06884191,1
-0.09304537,-0.18542178,0.06565183,1
-0.16009066,0.09000103,-0.27596,1
-0.07176128,0.009242917,0.10928453,1
-0.23352079,0.24946883,-0.10036349,1
0.3060323,-0.1978448,-0.020548254,1
-0.054733925,0.10967956,0.04436747,1
0.049558293,-0.06841491,0.1550456,1
-0.039835077,0.19562383,-0.10674913,1
0.114474945,-0.36247584,0.12418497,1
0.016567705,0.03098226,-0.07163191,1
-0.11539371,-0.041492607,0.09651444,1
-0.005780504,0.2587813,-0.095044106,1
-0.08878863,-0.014571368,0.014570302,1
-0.005780504,0.21528876,-0.10462303,1
0.14427266,-0.37697953,0.15398094,1
-0.15370528,0.3778606,-0.25254595,1
0.041044682,-0.21130449,0.35298872,1
0.0421088,0.14281803,-0.012034245,1
-0.058990665,-0.001109017,0.030533804,1
0.05381503,0.08793369,-0.20572142,1
0.061264522,-0.11915136,-0.10781339,1
-0.17818174,0.14490603,0.17846312,1
0.14001618,-0.13155772,0.39768994,1
-0.06963251,0.5828962,-0.0769473,1
0.22621693,-0.32000944,0.002868735,1
0.22834542,-0.33761328,0.00712534,1
0.21025369,-0.38732734,0.027341848,1
0.17407075,-0.40595374,0.046500634,1
0.14320867,-0.37385887,0.04862807,1
0.12618144,-0.3179421,0.042243496,1
0.13682355,-0.24131721,0.04117978,1
0.06977853,-0.123275004,0.21890293,1
-0.083467245,0.16457403,0.30935922,1
-0.046219915,0.11073581,0.17846312,1
0.09319099,-0.20197497,0.060334302,1
-0.21010794,0.13247515,-0.13547926,1
-0.11539358,0.14075801,-0.3738619,1
0.22728117,-0.39145523,-0.16527589,1
0.14427304,-0.07978353,0.15717956,1
0.026146099,0.20289586,0.010319692,1
0.092126876,-0.25581545,0.0741697,1
-0.31972128,0.3043633,-0.1365423,1
0.005926126,-0.15537147,-0.019478807,1
0.059136685,-0.23405398,0.062467866,1
0.24750128,0.01858709,-3.22E-04,1
0.23153818,0.087961935,0.025218675,1
0.31986728,-0.035255916,-0.048211455,1
-0.037706174,-0.024900254,-0.07055953,1
0.03891658,-0.2278506,-0.03224889,1
-0.018550452,-0.113945484,-0.021605179,1
-0.054733526,0.029978495,0.23806065,1
0.12511747,0.1676947,0.24763891,1
0.18364887,0.22361133,0.07098121,1
-0.07601775,0.21532008,0.029475147,1
0.21663933,-0.062171694,-0.019476276,1
0.083613396,-0.35520104,0.1635676,1
-0.14731951,0.28159356,-0.06736625,1
-0.08559535,-0.07355923,0.18485196,1
-0.23352039,-0.07356816,0.1295109,1
-0.3644177,0.2639965,0.14121966,1
0.19854786,-0.1108364,0.085880324,1
0.16023628,0.24742587,0.007128671,1
0.24856554,0.23913996,0.15398867,1
0.39436194,0.054831583,-0.0428894,1
-0.5304341,0.011347039,-0.076942906,1
-0.41549963,0.10765004,-0.027987754,1
-0.6975146,0.29298657,0.11142129,1
-0.46126056,0.14285253,0.076303795,1
0.36030737,0.025841398,0.09332955,1
0.4667281,-0.3852251,0.345548,1
0.6263592,-0.13567896,0.2114589,1
0.4794987,0.010317427,-0.18336216,1
0.16023628,-0.18332219,0.08694338,1
-0.36973867,0.20187171,0.029478345,1
-0.17711721,0.15527822,0.06353345,1
-0.010036709,0.061044157,0.11993423,1
-0.20052981,0.26814014,0.11567923,1
0.2528224,-0.084951036,0.124191634,1
0.3603075,0.056915186,-0.08439013,1
-0.021742806,0.080732405,0.13909382,1
0.021889493,-0.07251963,0.19123825,1
0.024017863,-0.0632013,0.20081599,1
0.01018313,-0.053881913,0.25189805,1
-0.014293314,-0.04973429,0.32000878,1
-0.04941214,-0.03730901,0.37641183,1
-0.093044706,-0.017639017,0.41152972,1
-0.17605282,0.14596495,0.062470663,1
-0.06431125,0.04862434,-0.032245956,1
0.079356655,-0.013499922,-0.23444475,1
0.2528224,-0.06631119,-0.24083093,1
0.117668234,-0.3282695,-0.14611404,1
-0.043026898,-0.23818375,-0.020537063,1
-0.18669493,0.018604543,-0.0524638,1
-0.05154064,-0.035237797,0.01138874,1
-0.1898877,0.068302326,-0.07906981,1
0.16023655,-0.10771733,-0.07055473,1
-0.023871174,-0.055942334,-0.11631487,1
0.1517228,-0.23197505,0.010323823,1
-0.09517307,0.12422028,-0.17591174,1
-0.16966745,-0.00416774,0.07311451,1
0.18258503,-0.0725079,-0.09290188,1
0.06871468,-0.14292635,-0.05565682,1
0.02401813,-0.018663699,-0.11099308,1
6.06E-04,-0.12738653,-0.098223,1
-0.106879435,-0.00728615,-0.16207834,1
-0.06324687,0.006180331,-0.13866428,1
0.11873262,-0.19468895,0.001812744,1
-0.112200156,-0.006230559,7.50E-04,1
0.13469572,-0.23196532,0.022032583,1
-0.04834762,0.105602816,-0.10673288,1
0.0995769,-0.1294524,-0.19080766,1
-0.019614171,-0.20296554,-0.03223983,1
-0.0472835,-0.013478339,0.12526281,1
-0.17179596,0.29507616,-0.017342845,1
-0.052604623,-0.083895184,-0.06416763,1
0.08680628,-0.11599898,-0.13653497,1
0.033596125,-0.07663807,0.059282575,1
-0.11220002,0.22778612,-0.11098949,1
-0.001522833,-0.08700799,-0.009894818,1
0.092127405,0.01550865,0.006070282,1
-0.12497077,0.040356543,0.11781132,1
-0.014293048,0.00205749,-0.15994345,1
0.11021901,-0.12841307,-0.0503313,1
-0.098365426,0.03518597,0.022034315,1
0.020825641,-0.0020876,-0.08332149,1
0.10702639,-0.13980447,0.048639394,1
-0.067503475,0.16461812,-0.004570231,1
0.047430724,0.030005675,0.001813544,1
0.047430854,-0.04143185,0.030549258,1
0.10915476,-0.13255909,-0.027984023,1
-0.046219252,-0.09009776,-0.12482488,1
-0.07069609,-0.01969251,-0.08119365,1
0.005926792,-0.034182873,0.032677893,1
-0.10475066,-0.002088799,0.025227336,1
-0.0313204,-0.02072332,-0.116311274,1
-0.08665919,0.047608986,-0.2429537,1
-0.07601708,-0.04868456,-0.20144898,1
-0.01854992,-0.13255376,-0.25465888,1
-0.09942954,-0.14393663,-0.2759411,1
0.04955936,-0.17707431,-0.079063684,1
-0.21542813,-0.021751465,-0.30360988,1
-0.013228663,0.10457507,-0.34830603,1
-0.18775879,0.024838833,-0.059907563,1
0.13043912,-0.09113003,-0.31318867,1
0.058072966,-0.15325762,-0.3174457,1
-0.1388051,-0.18534905,-0.20038098,1
0.042109866,-0.24955317,-0.2365658,1
-0.11645676,-0.043496136,0.0965319,1
-0.08346644,-0.15739472,-0.05564949,1
-0.028127646,-0.58089405,-0.08864061,1
-0.13773605,0.35234216,-0.2779915,2
-0.14199279,-0.23682013,-0.13432187,2
0.28262597,0.2208553,0.2158045,2
0.38798243,0.12041014,0.34989282,2
0.19642508,-0.308267,0.33499303,2
0.10064648,0.5263027,-0.08856107,2
-0.5910883,-0.47186923,0.05084917,2
-0.22925779,-0.123957016,0.005089034,2
-0.13560742,-0.09081774,-0.35141897,2
-0.06749841,0.1597424,-0.1683799,2
0.34115738,0.25916207,-0.059826292,2
0.427358,0.07174036,0.24666366,2
0.32093728,0.1773573,0.3882036,2
0.14853565,-0.003851182,0.122150265,2
0.36244148,1.3122063,-0.067276716,2
-0.590024,-1.3333563,-0.2567057,2
0.20493883,0.8503993,0.1083178,2
-0.1898821,-0.8404881,-0.19923946,2
-0.39101732,0.3689116,0.047656417,2
0.12725157,-0.43976542,-0.23222846,2
0.07616963,0.35752591,0.10406053,2
0.17726924,-0.046307184,0.094480135,2
0.20174621,0.18564482,0.33818686,2
0.15066402,-0.610622,0.100866176,2
-0.55064845,0.32024488,0.048720535,2
-0.006838227,0.019980956,-0.04173309,2
-0.09091074,-0.10428169,-0.50785834,2
-0.11325921,0.55425274,0.16684681,2
0.78280336,-0.17572655,0.19983967,2
0.12086632,-0.32794166,0.33392853,2
-0.061112903,0.0417195,0.23070242,2
-0.022801595,-0.063903965,-0.10878171,2
-0.38250357,-0.1374151,-0.1438992,2
-0.13028643,0.3067892,-0.11410177,2
-0.037700444,-0.3786745,0.10618916,2
0.20813118,0.1877063,0.1562051,2
0.36882672,-0.20160925,0.09129138,2
-0.09729598,0.119374394,-0.016194524,2
-0.40804452,0.068638735,-0.033221476,2
-0.25692713,-0.13016813,-0.009809417,2
0.06552752,0.29953942,-0.08324022,2
0.037858192,-0.27202716,-0.08217623,2
0.13789354,-0.21300837,-0.018324226,2
0.416716,-0.025590524,0.23602182,2
0.09638974,0.08624631,0.33393118,2
-0.11006659,-0.2513229,0.34882644,2
-0.4729612,-0.30101427,-0.001295141,2
-0.50275904,-0.14984357,-0.45677692,2
-0.3473846,-0.22852995,-0.2226494,2
-0.021737343,0.49109757,0.13172972,2
0.5433567,-0.20886196,0.1104459,2
0.15917777,0.16906792,0.2732678,2
-0.061112903,0.6236357,-0.008745166,2
-0.2643765,-0.77110714,0.038080286,2
-0.008966729,0.5718662,-0.019386478,2
0.07297715,-0.34864286,-0.12155006,2
-0.14412117,0.107984856,0.007218069,2
0.07510552,0.10281189,0.16472177,2
0.1932326,-0.40352094,0.30413282,2
0.23367228,0.6412332,-0.085369386,2
-0.37398997,-0.003845054,-0.12793663,2
-0.56873995,0.0520697,0.02956601,2
-0.06324141,-0.37660676,-0.06621313,2
-0.030250954,0.5252711,-0.003423377,2
0.4922748,-0.7845679,0.09022633,2
0.04317918,0.2860736,0.032757033,2
0.15066402,-0.02352624,0.031692248,2
-0.03982895,-0.20887275,-0.017261706,2
-0.019609107,0.159744,0.005086236,2
0.1421504,-0.071157075,0.022114255,2
-0.1760475,-0.098079376,0.13704845,2
0.2091953,0.039631497,0.00827859,2
-0.20797384,0.07793801,-0.07153811,2
-0.17072651,0.26639402,0.07851624,2
0.026151694,-0.16020884,0.047654416,2
-0.1281582,-0.09601283,0.058295995,2
0.045307416,0.045845006,-0.054509297,2
-0.06430579,-0.042169686,-0.07685817,2
0.12299442,-0.013182965,0.04765242,2
0.28262556,0.12453497,0.085964926,2
0.22728677,0.14834473,0.097669825,2
0.14959963,-0.08566729,0.12959562,2
-0.011095631,0.04997211,0.019981222,2
-0.254799,0.069655955,-0.021520043,2
-0.27076212,-0.14778969,-0.097079344,2
-0.17391926,0.3233357,-0.12155659,2
-0.11006686,-0.07531282,0.109375656,2
0.27091908,-0.05461042,0.051906757,2
0.10383856,-0.17161264,0.011467746,2
0.08574723,0.049978238,0.070000626,2
0.17620471,-0.33831504,0.044459265,2
-0.0866544,0.10277738,0.022109058,2
0.049564153,-0.16228831,-0.024713863,2
-0.19520348,0.2208208,0.016788736,2
0.043178782,-0.28965113,0.06680708,2
-0.06537017,0.21875304,-0.09495217,2
-0.14199333,-0.050476387,0.02742805,2
0.16875508,-0.110532634,0.06893198,2
0.17620471,-0.3476399,0.12533742,2
0.147471,0.19182101,0.04764882,2
-0.1026175,-0.12087631,-0.013009098,2
-0.1419932,0.14108776,-0.03216562,2
0.014444931,-0.017350305,-0.009821274,2
-0.022801993,-0.07531975,0.085961334,2
0.13150777,-0.019412724,0.005079708,2
-0.08026929,-0.022514747,-0.028973665,2
0.053820625,-0.013200418,0.04126265,2
0.070848115,-0.064965285,0.058291867,2
-0.01003138,0.15455317,-0.021522442,2
-0.2101026,-0.11985003,-0.08431339,2
0.064462736,-7.74E-04,0.018914707,2
0.16024162,-0.19439171,0.056164563,2
0.20068128,-0.035979364,-0.05132307,2
0.10915955,0.06238886,0.1817386,2
0.09532482,0.17007715,-0.025781179,2
-0.5815111,-0.11157277,-0.06728764,2
-0.20371737,0.51694536,-0.06302997,2
-0.005774642,-0.14055124,-0.003431637,2
0.010188326,0.19389848,0.12108082,2
0.4635404,-0.2586032,0.021042142,2
0.14214988,-0.11467093,0.03381409,2
0.0463714,-0.23581184,0.028494565,2
-0.08559028,-0.04322328,0.15406995,2
-0.05047146,0.14004642,-0.061965052,2
-0.31333044,0.048940897,-0.16093269,2
-0.2856611,0.18250895,-0.10027409,2
6.10E-04,-0.04425369,0.01785272,2
0.15279199,0.07895523,0.07318925,2
0.34328523,-0.28447428,-0.032164153,2
-0.06537017,-7.59E-04,0.07319312,2
-0.011095631,0.003378611,-0.04706327,2
-0.15050694,-0.17472132,0.00295347,2
-0.049407206,0.27466062,-0.06728444,2
-0.09942488,-0.17368504,-0.015137734,2
-0.033444107,0.018900983,-0.024717327,2
0.068719745,0.15040715,0.029558284,2
0.06978386,-0.19647105,0.031685587,2
0.10809544,-0.011121744,-0.015138133,2
-0.15902054,2.71E-04,-0.023651076,2
-0.00151777,0.1535185,-0.031100037,2
-0.22074458,-0.011119879,-0.06621966,2
-0.02493023,-0.001794225,0.04126691,2
0.09000397,-0.033898424,-0.05451303,2
0.038921908,-0.09809643,0.004018121,2
0.04530715,0.005444095,0.016787669,2
0.004867337,0.003378211,0.010403628,2
-0.033444107,-0.15919589,-0.002369118,2
-0.034508225,0.27466127,-0.09921051,2
-0.20158887,-0.0887821,-0.016202917,2
-0.029187368,-0.04944065,0.06573949,2
0.08574709,0.042722728,-0.053449176,2
-0.043021966,-0.076356426,-0.04600062,2
-0.06749881,0.23013099,0.042327434,2
0.10383883,-0.072200276,0.04339648,2
-0.032379854,-0.053576548,-0.07792682,2
-0.12922272,0.06653409,-0.056642864,2
0.077233486,0.08932009,-0.00555934,2
0.0463714,-0.23684572,0.073191784,2
0.1240584,0.10795115,-0.014074815,2
-0.07175555,0.32436386,0.001889486,2
0.018701935,-0.019411126,0.076382,2
0.11235231,-0.03803872,-0.037485275,2
-0.055792447,0.09241905,-0.06196412,2
0.010188326,-0.040115394,-0.03216575,2
0.013380947,-0.07221453,0.041264247,2
-0.02812325,0.1617823,0.067866,2
-0.06643456,-0.6210016,-0.019395672,2
-0.20690972,0.30780402,-0.07153878,2
-0.27821174,-0.09084945,-0.109852225,2
0.1900393,2.69E-04,-0.10559562,2
0.19110343,0.1524749,0.13384983,2
0.19748867,-0.22443162,0.15194024,2
0.28156105,-0.1519477,0.029556952,2
-0.19307512,0.42583555,-0.004496155,2
-0.012160015,0.16904128,-0.047065534,2
-0.32610118,-0.19439664,-0.12262337,2
0.002738835,0.39477375,0.025301944,2
0.019766187,-0.16333178,-0.061963186,2
-0.008967129,0.27777383,0.03700964,2
0.21877289,-0.085675016,0.06999797,2
0.06765549,-0.045294225,0.03168612,2
0.012316695,0.010619729,-0.051321875,2
0.09426044,-0.24307267,-0.05877363,2
-0.028123116,0.027186502,0.059355453,2
0.06765549,0.11416612,0.082768574,2
0.026151428,-0.3031188,0.04871374,2
0.004867204,0.002334611,-0.055579145,2
-0.16221343,0.3139962,-0.04387478,2
-0.036636725,-0.21096767,0.018914973,2
0.16024135,0.044782884,0.004015057,2
0.059141748,0.14004456,-0.016204515,2
0.11128792,-0.18197802,0.03700591,2
-0.005774775,0.011651339,-0.0609008,2
-0.07601255,0.049960382,0.12001377,2
0.19961731,-0.002834761,0.010403628,2
-0.21116686,-0.070151046,-0.106662266,2
-0.279276,0.2373837,-0.1045319,2
0.10809517,0.07895017,0.20940647,2
0.26027682,-0.55680984,0.32327747,2
-0.038765095,0.09138824,-0.16625527,2
-0.59002453,0.5552649,0.04339275,2
0.063398354,-0.083621524,-0.16519621,2
-0.09410402,0.24876657,0.19557267,2
0.492274,-0.18715939,0.19025062,2
0.06871961,-0.2037199,0.10511572,2
0.038921777,0.26222867,-0.08431339,2
-0.43784317,0.112077855,-0.13220575,2
-0.11964512,0.12968037,0.2083405,2
0.27091882,-0.16231269,-0.011949644,2
-0.20158899,0.012686678,0.027428316,2
0.15811297,0.29847157,-0.10346858,2
-0.15263557,-0.41289267,-0.02791341,2
-0.071755685,0.10276499,0.09021514,2
0.09106782,0.034422558,0.09340696,2
-0.10900301,-0.37457418,0.04551859,2
0.012316562,0.07688122,-0.15561609,2
-0.5080808,-0.032880004,-2.43E-04,2
0.12937939,-0.010096397,0.08702305,2
0.19855279,-0.38596252,-0.004498553,2
-0.014288518,0.15660854,0.046582706,2
0.14321412,-0.25031805,0.07106035,2
-0.13880071,0.09448307,-0.02897553,2
-0.02493063,0.052027065,0.008270863,2
-0.15795657,0.09137012,-0.06941721,2
-0.19307539,-0.104327254,0.13065416,2
0.036793273,-0.13849388,-0.075801246,2
-0.097296774,0.011641213,-0.02897713,2
0.19536017,-0.025627296,-0.023654275,2
0.027215412,-0.07222546,0.002950006,2
0.1772687,0.29639715,0.07425297,2
0.1772687,-0.49364653,0.059354253,2
0.013380813,0.2570537,-0.021524573,2
-0.36760524,-0.055652156,-0.014075615,2
-0.017481139,0.2756813,-0.05132507,2
-0.29311073,-0.23064393,-0.08537791,2
0.045307018,0.09345226,0.03168532,2
0.043178782,0.19596598,0.019980289,2
0.09319632,-0.06911837,0.044454336,2
0.08361833,-0.23686276,-0.066223785,2
-0.1483787,0.17109862,-0.07580258,2
-0.36654127,-0.10950409,-0.14284694,2
-0.103681885,-0.06186899,-0.094956435,2
-0.02067376,0.1359016,-0.036424756,2
0.45396268,0.17421344,0.081702195,2
0.24537784,-0.12814341,0.13171813,2
0.23686424,-0.33419338,0.045518186,2
-0.11964512,0.12657914,-0.17902948,2
-0.288854,0.14211617,-0.1598723,2
-0.48466808,-0.07015184,-0.04281013,2
0.050628137,-0.13434519,0.041263316,2
0.08468271,0.07584815,-0.11836823,2
-0.07601255,0.08723728,-0.06302957,2
0.016573433,-0.008022386,0.052969147,2
6.10E-04,-0.24721603,-0.07260863,2
0.14853512,0.23841105,0.10937153,2
0.21238752,-0.379753,0.06467391,2
0.120865785,0.14315124,0.05296888,2
-0.36228427,-0.19440557,-0.35036606,2
-0.37931174,0.32020265,-0.12369189,2
0.20387392,-0.15609026,0.0582904,2
0.42948583,0.044785548,0.15194064,2
0.118737146,0.015782572,-0.13646223,2
-0.31013823,-0.038056172,-0.15029576,2
-0.073884055,0.41651216,0.08276751,2
0.19003917,-0.2513574,0.01997736,2
-0.03770111,0.17110169,-0.10879224,2
0.09319632,0.15557586,0.01997829,2
-0.003646406,-0.009061324,-0.10240593,2
-0.05472833,0.19285102,-0.074736334,2
-0.10368202,0.20630565,0.16470858,2
0.13682875,-0.30727574,0.11362653,2
-0.044086352,0.2508363,-0.06409409,2
-0.12070924,0.05824017,-0.09495697,2
0.08255407,-0.2586137,0.04658044,2
0.27304703,-0.17371689,0.32220763,2
0.26453355,-0.19544996,0.013590386,2
-0.1973324,2.46E-04,-0.06622579,2
-0.2218095,-0.16544296,0.036997516,2
0.0602056,-0.04842676,0.032743443,2
-0.15902121,0.2808364,-0.026854089,2
-0.06324247,-0.1343773,-0.14072444,2
0.0942599,0.07063414,0.21471907,2
0.2517627,-0.19650942,0.24770978,2
0.058076832,0.18246138,-0.06410341,2
-0.23458011,-0.18306185,-0.10241779,2
0.006994641,0.1565547,0.019963503,2
0.08361752,-0.06502684,0.03486342,2
-0.037702043,0.105815984,0.087008126,2
-0.008968461,-0.025691913,0.104033746,2
0.04317745,0.22695649,0.032731853,2
-0.17711335,-0.15719421,-0.0577259,2
0.028278599,0.18967666,-0.05985507,2
0.17726749,0.127548,0.017831404,2
0.027214214,-0.19758779,0.19342405,2
0.39543006,-0.016377984,0.2381226,2
0.31242168,0.12649934,-0.04708845,2
-0.5102105,0.14513625,0.039111897,2
0.13895592,0.14617439,-0.055601794,2
-0.43678036,-0.2887233,-0.07688868,2
0.13044219,0.34083962,0.26472488,2
0.64551854,-0.46163478,0.28494367,2
-0.124967575,-0.06609709,0.3828501,2
-0.32291016,0.26316887,-0.105622396,2
-0.7783909,0.025019228,-0.3120778,2
0.08148849,0.25695884,0.04230305,2
0.6423257,0.21242815,0.27004173,2
0.60933536,-0.88203704,0.2849406,2
-0.05366568,0.448515,0.1700076,2
-0.73475856,0.3408187,-0.2652557,2
-0.26331463,1.60E-04,-0.13861431,2
0.012314963,-0.09302605,0.10934688,2
0.56463856,-0.6946216,0.007182496,2
0.14534089,0.1772226,0.21470281,2
-0.18988436,0.55515885,0.03804418,2
-0.2814061,0.07781917,0.01569584,2
-0.032381855,-0.070259765,-0.12052525,2
0.028278064,0.10577495,-0.09178927,2
0.047433786,-0.26387993,0.09870344,2
0.32093513,-0.21002826,0.12211816,2
-4.55E-04,-0.46060866,-0.05773336,2
-0.04195958,0.20724706,0.08699707,2
-0.26118627,0.44540218,-0.1322288,2
-0.17498551,0.1596181,0.09338271,2
-0.2771495,-0.035050076,0.12317935,2
0.15704712,0.061254796,-2.66E-04,2
-0.28885546,-0.06920577,-0.32378402,2
-0.04089533,0.22588785,-0.063055284,2
0.2347344,-0.017431976,0.0274046,2
0.27623832,-0.31979242,0.4807543,2
0.76790214,0.38327658,-0.054541405,2
-0.15476528,1.70E-04,0.18277901,2
-0.044087816,0.3325452,-0.12584184,2
-0.44955087,-0.1862145,-0.09498042,2
-0.011097363,0.2590274,-0.042833976,2
-0.23032391,-0.19759285,0.019956974,2
-0.11006872,-0.11580513,0.06465046,2
-0.004712256,-0.06300119,0.083805114,2
0.108093835,-0.085763216,0.061461437,2
0.05914015,0.33565226,-0.06837441,2
-0.57725555,-0.20898506,-0.31739733,2
0.18365234,0.27248362,0.2296018,2
0.49972215,-0.09819435,0.5786647,2
0.51249266,-0.49787277,0.40626404,2
-0.30268994,0.7653763,0.29878065,2
-0.66239214,0.21244255,-0.87716997,2
-0.54000837,-0.45749384,-0.15457408,2
0.49333692,-0.014317162,-0.024739176,2
0.94988203,0.13893208,0.2732397,2
0.30071545,-0.7318801,0.31899983,2
-0.073885515,0.34394017,-0.10349216,2
-0.05260116,-0.07126353,0.10190218,2
-0.013225466,0.31392384,-0.059856668,2
-0.18349886,0.24764651,-0.2737646,2
-0.44848648,-0.03502636,-0.043895032,2
-0.14944415,-0.19966327,0.2604679,2
0.1996157,-0.25972033,0.13701954,2
-0.17604937,0.2507532,-0.20778371,2
-0.2994973,0.120295286,-0.24396466,2
0.09745199,-0.013271564,-0.070497446,2
0.12512133,-0.26903346,0.30835837,2
0.69553626,-0.49373087,0.2413119,2
-0.21542493,0.23108825,0.2338644,2
0.13363507,0.7353551,-0.48766673,2
-0.713474,-0.17791434,8.02E-04,2
0.029342717,0.098554745,0.12531625,2
0.055947796,-0.25453842,0.078489326,2
-0.018546589,0.16792452,-0.1449937,2
-0.107939824,0.21349347,-0.13115656,2
0.04849857,-0.32493675,0.09019875,2
0.092131004,-0.1934375,-0.00451614,2
0.18790948,0.073700994,0.002931487,2
-0.1994617,-0.09507022,-0.00451614,2
0.1038371,0.25076053,-0.009839261,2
-0.26969934,-0.12820363,-0.14818391,2
-0.05792228,0.2880373,-0.11093873,2
0.07723202,-0.31355026,0.18704067,2
0.096387744,0.018821977,0.06891226,2
-0.16327876,-0.31355494,-0.072627015,2
-0.055793647,0.5800434,-0.34931847,2
-0.04728017,-0.28456354,-0.005582256,2
0.16130467,-0.014291982,0.220035,2
0.39755842,-0.19447684,0.021023624,2
-0.22713116,0.108907215,-0.047085788,2
0.030406967,0.19899832,-0.26205373,2
-0.7954177,-0.2275972,-0.15988788,2
0.4518331,0.054039523,0.3104906,2
0.69127977,-0.09196047,0.21364708,2
-0.18881984,0.480624,0.042305317,2
0.030406967,0.1492928,-0.20778026,2
-0.62727296,0.12549064,-0.25885886,2
-0.1441229,0.4216156,0.14340824,2
0.31348604,-0.37774947,0.13170148,2
0.104901485,-0.029840734,0.012510147,2
0.17407487,-0.36221886,0.08168341,2
0.118736215,0.5199837,-0.22161458,2
-0.23564477,-0.17997476,0.092326984,2
0.1442773,-0.039146136,0.056146044,2
-0.25586462,0.16897039,-0.120514184,2
-0.21861754,0.19484417,-0.2184245,2
-0.0749495,-0.3373652,0.14340824,2
0.08255301,-0.02569964,0.008253009,2
0.100644745,-0.14062677,0.2040691,2
0.0740394,-0.13856275,-0.13754314,2
-0.0589864,0.38123322,-0.0460206,2
0.08255314,-0.058831986,-0.028993517,2
-0.096233726,-0.03502143,-0.004518005,2
0.04317745,-0.017414523,0.022088142,2
0.004865871,-0.014314365,-0.12264549,2
0.047434185,0.0333202,0.013573999,2
0.004865871,-0.06401002,0.002932286,2
0.035727955,0.028145634,-0.016223036,2
-0.066435896,-0.22864613,0.018895388,2
0.06552593,0.13894753,-0.025798498,2
-0.105811454,0.079917565,-0.035378758,2
0.010186727,0.032275002,-0.06517979,2
0.0580763,-0.028802197,-0.09284552,2
-4.55E-04,-0.11370714,-0.034313705,2
0.30390805,-0.17584926,0.124249056,2
0.12192871,-0.24107647,0.05401288,2
-0.007904477,0.13478951,-0.016224768,2
0.013379748,-0.04847139,-0.05240451,2
-0.15050814,0.07577927,-0.04495582,2
-0.09197685,0.38226014,-0.005582922,2
-0.13028844,-0.2296924,-0.042831447,2
-0.07920624,-0.048474055,-0.12583558,2
0.09213087,-0.16859068,0.001867902,2
0.091066755,-0.1385597,0.06465699,2
0.055947796,-0.10439387,0.12850833,2
0.15172654,-0.057800375,-0.043893434,2
-0.21861754,0.17724858,-0.13009351,2
-0.3601571,0.21763323,-0.032185737,2
-0.30056143,-0.07747117,-0.018351804,2
0.21451469,0.063347325,0.06678416,2
0.2964587,-0.27938524,0.064655654,2
0.42416364,0.048854966,0.17852694,2
0.11022234,-0.17067082,0.107221976,2
-0.06537164,0.21555775,-0.007710225,2
-0.29736894,0.25904363,-0.030059233,2
-0.24628702,0.2973552,-0.08114129,2
-0.049408406,-0.12406227,-0.00770876,2
0.15066215,-0.050556995,0.09019528,2
0.24431266,-0.21518297,0.09871143,2
0.07084665,-0.22243929,0.19235967,2
0.1378918,0.13582925,0.07849065,2
-0.1920122,-0.080573596,0.039116293,2
-0.040895063,0.37397197,0.019956708,2
-0.28779095,-0.24935466,0.1008394,2
-0.007904477,0.112011634,0.028472316,2
-0.23032378,-0.09404061,-0.009838727,2
0.3177428,0.16896306,0.028472848,2
0.039984826,-0.27834553,0.17639856,2
0.15598327,0.08819562,0.24024937,2
-0.099426344,-0.17377031,0.052949294,2
-0.050472923,0.61937475,-0.11413268,2
-0.5134031,-0.17998995,-0.015161715,2
0.20387271,0.32946047,0.02421691,2
-0.036638193,-0.40882406,0.08913024,2
0.1613044,0.13375564,0.002931221,2
-0.02493183,-0.34876114,0.046563786,2
0.012315363,0.2901113,0.06997718,2
-0.16221464,0.016745701,0.12850647,2
0.08148889,-0.14063491,0.03166547,2
-0.030252818,0.094413385,-0.02899365,2
0.09425924,0.03746036,8.03E-04,2
0.017636353,-0.38086042,0.01144483,2
0.055947796,-0.040202927,0.10296563,2
0.11341509,0.11926248,-0.047085654,2
-0.11645343,0.10995241,0.050823722,2
0.0836174,0.13065775,-0.017286355,2
-0.19733332,-0.26488435,0.111481905,2
-0.03131707,0.2725025,-0.004518804,2
-0.44742197,-0.022580964,-0.20990609,2
-0.027060065,0.19589269,-0.10774344,2
0.2506979,-0.36946237,0.025281694,2
0.32732078,-0.43884185,0.21258098,2
0.41671416,-0.12303346,0.14766379,2
0.21664333,-0.12716442,-0.13754088,2
-0.32716665,0.3387784,-0.24822032,2
-0.2579931,-0.53409743,0.23386653,2
0.75193983,-0.21931235,0.16788815,2
-0.27076346,0.49617445,0.25089493,2
-0.4314587,0.46822068,-0.123705074,2
-0.6251446,-0.33839935,-0.44935474,2
0.18897386,0.028149897,0.005062121,2
0.3720176,0.005369752,0.035924073,2
0.7764164,-0.19239937,0.35944337,2
0.3730817,0.031253118,0.5563208,2
0.26985374,0.27355853,-0.27269372,2
-0.010032713,0.1555143,-0.19181488,2
-0.334616,-0.30629635,0.16895068,2
0.0602048,-0.02673085,-0.006644642,2
-0.3537716,0.056114733,-0.04069668,2
0.04317745,0.8554678,-0.47596022,2
-0.55065006,-0.6883741,0.077429205,2
0.03466397,0.6193987,-0.06836548,2
0.1442773,-0.5723995,0.029541098,2
0.2506979,0.059211295,0.12850966,2
0.117672235,-0.22552119,0.18172395,2
0.19110237,0.5448393,-0.13434826,2
-0.23670888,-0.13855582,-0.19500844,2
-0.1388019,0.3522438,0.05720816,2
-0.02812405,-0.10748204,0.1412836,2
0.08468151,0.08095717,-0.11200058,2
-0.029188301,0.101675026,-0.025797566,2
-0.023867311,-0.02361364,0.027412727,2
-0.06324301,-0.14372614,0.092329115,2
-0.1026187,0.07475232,0.03486182,2
-0.046215653,0.060254496,-0.042825583,2
-0.19520469,0.43819422,-0.037503928,2
-0.065371506,0.18657143,-0.023671728,2
-0.28672668,-0.11577835,-0.05879055,2
0.028278599,0.48478505,-0.12051325,2
-0.03983028,-0.88923943,0.13277079,2
0.22302857,-0.067105114,0.057209764,2
0.18471698,-0.32183418,-0.073690064,2
-0.038766295,0.042650785,0.052952625,2
0.06339742,0.05610501,-0.03963496,2
-0.14837977,0.29115263,-0.025799831,2
-0.21223217,0.17311534,-0.2397046,2
-0.11006833,-0.04847752,0.009317794,2
-0.027060065,-0.45954227,0.0774288,2
0.20600109,-0.13959943,-0.075819366,2
-0.06962838,0.44647202,-0.11944941,2
-0.20371856,0.10476972,-0.07049731,2
0.039984826,0.37088302,8.06E-04,2
0.110222474,-0.40570647,0.042308114,2
0.27198213,-0.26798493,-0.00132232,2
-0.030252552,0.02608721,-0.033247057,2
0.20706546,0.6390651,-0.12583451,2
-0.1962692,-0.3301209,0.015702369,2
0.35073337,-0.05468743,0.11786755,2
0.07723202,-0.40053,0.06891306,2
-0.16966373,0.3046199,0.006127971,2
-0.083462976,-0.40569407,0.018898718,2
-0.56661314,0.22178166,-0.17159519,2
-0.35270748,0.47339353,-0.15988922,2
0.12299309,-0.16237184,-0.053469162,2
0.18790962,-0.341505,-0.003451622,2
0.47418144,-0.5630852,0.034860887,2
0.09000277,0.06543173,0.19662094,2
-0.09197659,0.11409724,0.11680529,2
0.18790987,0.29530331,-0.1173193,2
-0.44210097,0.40402028,-0.039633498,2
-0.34845072,0.31186423,-0.19500804,2
-0.33142325,-0.18099704,-0.003448025,2
0.1251216,0.23524347,-0.11412775,2
0.53484136,-0.5951794,0.22322695,2
0.8402689,-0.3829131,0.024220107,2
-0.38356927,0.3367257,0.5765449,2
0.25814766,0.104790635,0.04124986,2
-0.24309413,0.55208933,-0.123705745,2
-0.93695724,0.19590056,-0.27162945,2
0.057012446,0.39885902,-0.44402802,2
0.053819694,-0.028791271,-0.39507753,2
0.34860516,-0.04535991,0.25196,2
0.74874735,-0.7297756,0.29666016,2
-0.14305837,0.23007716,0.37008935,2
-0.1739206,0.37813613,0.21577665,2
-0.22287415,0.34293416,0.11680623,2
-0.5208522,-0.013260372,-0.19287834,2
-0.23032351,0.27148998,-0.27162892,2
-0.121774286,0.01988383,-0.19926104,2
0.46566784,-0.50924003,0.057209764,2
0.2389918,-0.34253073,-0.018348074,2
-0.20903915,-0.013248381,0.045506995,2
0.12725022,0.003323187,0.10191124,2
0.005930523,0.3543357,-0.011959769,2
-0.1824342,0.20211312,-0.09390684,2
-0.15902148,0.31394982,0.0040024,2
-0.13880163,0.06440598,-0.08645549,2
-0.007904077,-0.30007166,0.008258472,2
-0.019610306,0.17209373,-0.03643741,2
-0.07814172,-0.3777235,0.009324455,2
0.17833228,-0.3715065,0.062535815,2
-0.040894262,-0.098146394,-0.23118445,2
0.13576384,0.03541926,0.049764402,2
-0.025995547,-0.16545655,0.06466338,2
0.16875443,-0.34354916,0.09871902,2
-0.23564424,-0.17166139,0.17002198,2
-0.14412263,0.83063567,0.14234905,2
-0.2867263,-0.5071538,-0.21309471,2
-0.1622141,0.6670397,0.08701133,2
0.32625708,-0.351832,0.071049824,2
0.33902755,-0.39532334,0.42543015,2
0.526328,-0.3528732,0.16576271,2
-0.4335867,0.23837894,0.07105169,2
-0.2505431,1.0449854,-0.33015555,2
-0.025995415,-0.31041068,-0.067296036,2
-0.11113178,0.0913484,0.038062036,2
0.19323127,-0.4895426,0.16044413,2
0.13682821,-0.1778761,-0.09070929,2
-0.20265365,0.15968777,-0.16200879,2
0.32306445,0.12447382,0.13596675,2
-0.011096431,-0.5371724,0.18279274,2
-0.010032313,0.34813136,-0.026856354,2
-0.23138736,-0.003916998,-0.12050593,2
0.12086525,0.17418213,-0.07793695,2
-0.38889015,-0.32698318,-0.041756537,2
0.13044298,0.3688403,0.0816926,2
0.21983647,-0.4760756,0.11255642,2
0.23792794,0.12344647,-0.00450628,2
-0.09091194,-0.08468244,0.03273958,2
0.013380281,0.19178344,0.031675994,2
0.04104961,-0.18615696,-0.069424406,2
-0.2771483,0.270475,0.025290087,2
0.372018,-0.21308112,0.011454556,2
-0.24096522,-0.36321607,0.023161985,2
-0.01961004,0.41026282,-0.04494676,2
-0.046215385,-0.12920979,-0.06836082,2
-0.05047226,0.17106265,0.027416058,2
0.13789247,-0.015307337,0.061473295,2
0.3102941,-0.1457679,0.010392703,2
-0.23351572,0.22491738,-0.02579117,2
0.01550865,0.12965798,-0.052395985,2
0.16769017,0.10893906,0.12745234,2
0.03466424,-0.0629471,0.025287822,2
0.07936105,0.34088254,-0.16520354,2
-0.21968113,0.22905529,-0.11624985,2
-0.17285608,-0.37150586,0.12745273,2
0.53697026,-0.38599703,0.11042672,2
-0.080269955,-0.26381597,0.045509662,2
0.06020507,0.4495911,-0.17372061,2
-0.2952399,-0.26381758,0.005069315,2
-0.044086885,-0.014276926,0.02103215,2
6.10E-04,-0.07019395,-0.034307312,2
-0.233516,0.28392616,-0.17265476,2
-0.033444773,0.09445202,-0.113056034,2
0.15066296,-0.27313578,0.13277453,2
0.15066282,-0.11575277,-0.007701965,2
0.19961637,-0.27003175,-2.52E-04,2
-0.06962798,0.12550849,-0.050269615,2
-0.121774025,0.004363723,0.007198084,2
-0.027059665,0.14932065,0.049764935,2
0.09213153,0.12551315,-0.05239678,2
-0.058985736,0.27047542,-0.06835988,2
0.057012446,-0.16028398,0.09552414,2
0.19110276,-0.20997484,0.013582925,2
-0.007903944,-0.15716943,-0.039627902,2
0.087874666,0.061309688,-0.074746594,2
-0.3367441,0.2704661,-0.088582255,2
0.03253587,-0.06708193,-0.027920606,2
-0.305882,0.24768715,-0.042821188,2
0.30603722,0.44649827,-0.15456143,2
0.02721488,-0.55166966,0.24983749,2
0.38372424,0.20006163,0.02954616,2
-0.020674424,-0.5247532,0.12000284,2
0.2506983,0.6836102,-0.11199445,2
-0.73795,-0.30937213,0.15512393,2
0.63807,0.6142424,-0.29503632,2
-0.59534633,-0.45536906,-0.05665299,2
0.22622173,0.19903003,0.06147343,2
0.23686397,-0.45639336,0.13171454,2
0.12725036,-0.059832152,0.022097468,2
-0.019610174,-0.08675606,-0.005572397,2
0.3092297,0.5955973,-0.16839737,2
-0.33993647,-0.48021936,-0.024726653,2
-0.01003218,0.38023332,-0.04707553,2
-0.06324247,0.20938875,-0.09815652,2
-0.28353354,-0.40152633,0.11255575,2
0.4401274,-0.23585513,-0.017277427,2
-0.080269694,-0.18924779,-0.002375247,2
0.23047858,0.30257922,-0.07474379,2
-0.051536243,-0.06293431,0.016777411,2
0.23154297,0.08721477,0.09872395,2
-0.051536243,-0.04740341,0.073180325,2
-0.04408675,0.09756377,0.11894246,2
0.16662619,0.003335977,-0.1524308,2
-0.41230235,0.250817,-0.18329035,2
-0.15795682,-0.06706954,-0.054522622,2
0.00380242,-0.18097119,-0.004505481,2
-0.08984755,0.13691388,-0.12263163,2
-0.04727924,-0.16750298,-0.091768615,2
-0.09091167,-0.12918848,-0.0491995,2
0.22515774,-0.11261824,-0.054519825,2
-0.13135162,-0.14265043,-0.026851425,2
0.042113863,-0.076393194,0.14448288,2
-0.017481271,0.12139604,-0.103472315,2
-0.28459752,0.38231665,-0.16732778,2
-0.09410429,-0.20166613,-0.036428086,2
0.07936132,-0.16854045,0.045513526,2
-0.060049586,0.20837073,0.056158036,2
-0.10581052,-0.11675573,-0.037491404,2
-0.2526709,0.3295287,-0.076864965,2
-0.10793902,0.27463222,-0.07367701,2
-0.022802394,-0.4895229,0.09659678,2
0.39223823,-0.084664725,0.11043138,2
0.022958275,0.0240553,0.02742272,2
0.015509049,0.16385165,-0.04387611,2
-0.05366421,0.23840639,0.009334847,2
0.090003565,-0.34558946,0.09872702,2
-0.069627315,-0.042200997,0.11043405,2
0.110223405,0.089292645,0.06679948,2
-0.038765363,-0.17991866,-0.021528438,2
-0.110067256,0.33159605,0.028490435,2
0.012316296,-0.14575204,0.15406488,2
-0.004710657,0.10380313,0.08276631,2
-0.116452366,-0.045300756,0.09660105,2
-0.050471593,-0.029774118,0.07637987,2
-0.03344424,0.19802865,0.031684387,2
-0.1366726,0.21251182,0.07424924,2
-0.051535845,-0.051523052,0.20408349,2
0.15066348,-0.1747317,0.07744519,2
-0.008967661,-0.026673961,0.101919234,2
-0.062177956,-0.12814341,0.1679012,2
0.11022367,-0.22753751,0.07850997,2
-0.10155338,-0.106390074,0.19557281,2
0.024022926,-0.05668443,0.21366547,2
-0.2037175,0.26118386,0.13065389,2
-0.15582806,0.33263656,0.10937153,2
-0.18775426,0.016826574,0.026363531,2
0.038921643,0.21873452,0.18386525,2
0.13789327,-0.32278693,0.26581353,2
0.39436674,-0.44292367,0.17002824,2
0.06659111,-0.11882162,0.17215875,2
0.14214988,0.11622774,0.047647357,2
-0.03876523,0.2425524,-0.009819675,2
-0.23990057,-0.090870366,0.20834023,2
0.24218535,-0.3383321,0.11469252,2
0.052756242,-0.2430796,0.12320399,2
-0.052599963,0.18042494,-0.02897553,2
-0.13667247,0.013712958,0.028490035,2
-0.11538825,0.17213944,-0.044939164,2
-0.10474627,-0.025634624,0.004013058,2
0.052756242,-0.14885381,-0.019399667,2
0.15917696,-0.00906945,-0.06303237,2
-0.06856319,-0.35904875,0.15725884,2
0.59124535,-0.1488522,0.026361533,2
-0.19094701,-0.48019457,0.135975,2
0.105966665,0.8244621,-0.02578544,2
-0.45487052,-0.04013205,-0.028977528,2
-0.11219576,0.4444553,-0.023656672,2
-0.093040176,0.015772581,-0.14923538,2
-0.2218091,0.13071543,-0.094958566,2
0.391174,-0.18303734,-0.047072597,2
0.34222057,-0.8384659,0.025295418,2
0.10490255,0.9228325,-0.032169882,2
0.005931188,-0.2896743,-0.064096354,2
0.027215412,0.37508327,-0.14603983,2
-0.47083363,0.18041335,-0.11943621,2
0.15172747,-0.16025494,0.10085272,2
-0.082398064,-0.11365877,-0.1545565,2
0.051691856,0.1855786,-0.23437373,2
0.08681068,-0.018400434,-0.12795208,2
0.058077097,-0.46778476,-0.035366368,2
0.26134068,-0.17890024,0.09872249,2
-0.040894132,0.27359143,0.33816966,2
-0.20797478,-0.21825103,-0.05026748,2
0.13682835,0.37816942,-0.59088373,2
-0.2686344,-0.055675738,-0.11624559,2
0.10915902,-0.39012718,0.296666,2
0.19323154,0.03337549,-0.15242787,2
-0.1356085,0.19800708,-0.18116252,2
0.037857257,0.13692081,-0.26949042,2
-0.27927652,0.108956374,0.0859528,2
0.36456904,-0.32281077,0.006140628,2
-0.05579298,-0.087779135,-0.16945721,2
-0.10474667,0.48377982,-0.0651666,2
-0.030251885,0.35436192,-0.28013307,2
-0.0770772,-0.3859885,-0.003441097,2
0.26985428,0.28498057,0.1253281,2
0.038921244,-0.3787478,-0.017277693,2
0.08255394,-0.21616769,-0.10241046,2
0.119801134,0.3709279,-0.071548775,2
-0.16114946,-0.09709733,0.008265534,2
0.09319592,0.16383113,-0.04175294,2
-0.25479996,-0.10539031,-0.016213575,2
-0.12922338,0.22285071,-0.12688984,2
-0.3154596,-0.010119579,-0.12795275,2
0.17620404,0.12966532,-0.22266725,2
0.3826604,-0.36423677,0.09978873,2
0.28688163,-0.16647457,0.22110644,2
0.318808,-0.4884913,0.02103708,2
0.117672764,0.05822272,-0.116245724,2
-0.06856346,0.21457265,-2.48E-04,2
-0.19733265,0.23734853,-0.07580738,2
-0.1441221,0.20732673,0.0540274,2
-0.18881892,-0.101238824,-0.002376312,2
0.011251912,0.47136334,-0.15349345,2
-0.1356085,-0.38495037,-0.22266711,2
0.066590704,0.075820565,0.038062967,2
0.11128739,-0.48021322,0.28070238,2
0.27198306,-0.056699887,0.08063555,2
0.06126985,0.18558593,0.03912935,2
-0.027059399,0.020943152,-0.008761686,2
0.1378926,0.10171139,-0.19925386,2
-0.50275993,0.12656981,-0.10772999,2
0.18791041,0.09342441,0.123199865,2
0.37201828,-0.5992867,0.14980547,2
0.009123542,0.29430342,0.12852165,2
0.1815253,-0.12401164,0.07318406,2
0.046370868,0.12138566,-0.16519901,2
0.06339822,0.88347393,-0.39506754,2
-0.36122027,-0.66347265,-0.040684424,2
0.07297622,0.11518374,0.20301937,2
0.14959897,0.08411035,-0.15562102,2
-0.24947843,-0.15092582,-0.0949587,2
0.50185156,-0.32385316,0.089147024,2
-0.2281942,0.13693321,0.056160033,2
0.032536134,0.14209566,0.018908978,2
-0.017481271,0.01888393,-0.12582146,2
-0.18456191,0.18351817,0.10298255,2
0.18471806,-0.51539814,0.021040944,2
0.03892151,0.033381354,0.20408295,2
0.19323167,0.48379874,-0.15987602,2
-0.5102093,0.08515208,-0.15881205,2
0.105966665,0.36058384,0.002948274,2
-0.01854539,-0.33937448,-0.07260969,2
0.28049666,0.24254508,0.04551712,2
-0.11538851,-0.16232549,0.10510972,2
0.302845,-0.18302536,0.16577177,2
-0.028123382,0.29948917,-0.11624373,2
-0.60705215,0.48587075,-0.06409715,2
0.32093662,-0.31038243,0.16896519,2
0.60188717,-0.15403411,-0.020464586,2
-0.056857098,0.16694833,0.07424831,2
-0.011096164,-0.08880448,-0.10134528,2
-0.18775453,0.15866828,0.021038812,2
0.12512238,0.011639348,-0.01620718,2
-0.3239732,0.19076157,-0.026851824,2
0.2506987,-0.48124403,0.079568364,2
0.026150895,-0.05153278,-0.026851824,2
0.12937912,0.28188348,-0.001310063,2
-0.006839293,-0.24411814,0.10191897,2
-0.11326014,0.37403232,0.030614542,2
0.08042544,-0.17165141,-0.02472532,2
-0.32290897,0.2332129,-0.09815412,2
0.14427797,0.05097614,0.031679325,2
-0.078141324,0.29326728,-0.17903428,2
0.062333837,-0.08467365,0.12213535,2
0.2006809,-0.41600895,0.082761385,2
-0.16540632,0.1120616,0.03274211,2
-0.18243368,0.31811824,-0.043879844,2
-0.0728202,-0.016327621,-0.034301315,2
-0.22074525,-0.19029139,0.09127273,2
0.057012845,0.06546584,0.007200882,2
0.06126972,-0.08674406,-0.027917674,2
0.037856992,0.13068919,-0.2567249,2
0.116608515,0.06650157,0.19450149,2
0.3954307,-0.7235436,0.26580325,2
0.26666167,0.6401316,0.08595067,2
-0.57512623,-0.20167932,0.004008129,2
0.27836803,0.6215028,-0.3184456,2
-0.74114263,-0.45019144,0.05296035,2
0.5039798,0.43511352,0.22216922,2
0.20813026,-0.47814575,-0.06090906,2
0.09426004,0.436147,-0.038561918,2
-0.22925887,-0.05154437,0.00400693,2
0.085746296,-0.23689447,0.21259017,2
0.16024081,-0.05672893,0.097655304,2
0.061269585,-0.24517493,-0.018341811,2
-0.002582821,0.38851577,0.14341716,2
0.12937872,-0.0619047,-0.21734959,2
-0.480412,0.05509938,-0.01195777,2
0.11128739,-0.1768309,0.04019067,2
0.12937872,-0.28866747,0.10404081,2
0.009123276,-0.1623432,0.08488509,2
0.05914095,0.2383684,-0.053463034,2
-0.015353302,-0.150953,-0.07474579,2
-0.1164529,0.04268023,-0.031111894,2
0.107030384,0.17521015,0.015711294,2
-0.115388915,-0.08779619,-0.0396283,2
0.03785686,0.07166575,0.049765866,2
-0.033444904,-0.06501445,-0.027921539,2
0.05701258,-0.004959,-0.001316458,2
0.005930656,0.38643974,-0.08113183,2
-0.035573274,0.020929296,-0.043884106,2
0.08681028,-0.1727054,0.13383664,2
0.19323127,-0.0619035,-0.04920443,2
-0.036637526,0.09962233,-0.03004964,2
0.05701258,-0.06398324,0.073176995,2
0.012315896,-0.27935275,0.034866348,2
-0.010032313,0.40507868,-0.06729683,2
-0.25479996,0.021967433,-0.008764617,2
-0.13241613,-0.20168972,-0.023663733,2
-0.09729731,0.24251138,-0.10028795,2
-0.013224799,0.11102,-0.040689755,2
0.028279131,-0.31351548,0.050831184,2
0.2815604,-0.02255818,-0.031113358,2
0.14002071,-0.102292016,0.05402194,2
0.04849897,-0.11471277,0.09233458,2
-0.17072758,0.1793551,-0.1385978,2
-0.029188035,0.6898298,-0.103478976,2
-0.23245148,-0.2306775,-0.028983658,2
-0.030252285,0.013678052,0.001875896,2
0.04849897,0.075805515,-0.050270014,2
-0.035573542,-0.006006464,-0.024732115,2
6.10E-04,-0.1364601,0.035930734,2
0.09532416,-0.16544762,0.018904714,2
-0.06430672,0.2746237,0.061475027,2
-0.28885454,-0.25345966,-0.18967946,2
-0.27927667,0.40611988,-0.15349612,2
0.06446221,-0.22756936,0.054024868,2
0.28901002,-0.2928015,0.01039257,2
-0.1558286,0.21663614,0.005071314,2
0.049563356,0.2497746,0.024228102,2
0.12299362,-0.4087761,-0.004507346,2
0.013380281,0.5314105,-0.052395985,2
-0.20265378,0.19592254,0.16576537,2
0.055948462,-0.635543,0.15725084,2
-0.09942555,0.3854144,-0.08112916,2
-0.22713035,0.279806,-0.10453989,2
-0.20158952,-0.0877858,-0.056652855,2
0.21238711,0.18350539,0.007200616,2
0.4316138,0.03750446,0.011456688,2
0.19323127,-0.08986048,0.122132815,2
0.21451549,-0.79395187,0.19024502,2
0.12937886,0.24045321,0.120006174,2
-0.11538865,0.18246605,-0.18435754,2
-0.34845018,0.30154148,0.22961871,2
0.02295814,0.9424842,-0.0768723,2
-0.5144663,-0.3528512,-0.31631723,2
-0.46657714,0.20835142,-0.35356668,2
0.1336356,-0.2047984,0.08807731,2
0.24005632,-0.12196321,0.03805937,2
0.055948596,0.061318215,0.1391611,2
0.37733912,-0.07950334,0.23813206,2
0.10064528,-0.22549987,0.02422677,2
0.09426004,0.29533383,0.021035347,2
-0.09091194,0.21973816,0.099784605,2
-0.09304057,0.44649333,-0.2194793,2
-0.20052542,-0.15406075,-0.2545972,2
0.044242233,-0.39841923,0.14661059,2
0.6423266,-1.1895064,0.31901035,2
-0.12177415,0.30567124,0.24132188,2
0.093195654,0.23111837,-0.16414116,2
-0.3250376,0.5635041,-0.09496563,2
-0.50595295,0.22801208,-0.057720438,2
-0.1877552,0.4371634,-0.30461872,2
-0.3803768,0.103747435,-0.2673722,2
0.44651237,0.16381061,0.20833023,2
0.52526367,-0.7794867,0.24238306,2
0.37414622,-1.0901124,0.26792604,2
0.19429512,0.45062152,-0.05772337,2
-0.2728917,0.07372297,0.13596314,2
-0.048344024,0.46926227,-0.053465832,2
-0.69857484,-0.06606884,0.08487936,2
-0.044087283,0.34189707,-0.21735518,2
-0.26012135,-0.2980078,-0.037504062,2
0.24537705,0.18968666,-0.02473358,2
0.27517462,-0.3352939,0.08806958,2
0.034663837,0.28183657,0.049759604,2
0.032535467,-0.101274,-0.009834864,2
-0.043023165,0.063357316,-0.14924711,2
-0.09729758,0.26630968,0.08487963,2
0.03147122,-0.45954573,0.10296897,2
0.33051354,-0.035007443,-0.06304582,2
-0.11432506,-0.11680956,0.024218641,2
-0.011096964,-0.009124874,0.050823323,2
-0.005775974,0.2373091,-0.09071662,2
-0.29949716,-0.10542655,0.05507873,2
0.11022261,0.22178046,-0.028991785,2
-0.17179222,-0.2110315,0.026347945,2
-0.11219669,-0.05779385,-0.002387637,2
0.41139328,-0.045363504,-0.11838502,2
-0.1388019,-0.1716939,0.07423485,2
0.46566784,-0.5537703,0.11041859,2
-0.28140557,0.3750314,0.105099596,2
